0	2	2	-1	2	2	2	2	2	-1	-1	-1	2	-1	2	2	2	2	2	-1	2	2	-1	2	2	2	2	-1	2	2
1	2	2	-1	2	2	2	2	2	2	2	-1	2	2	2	2	-1	2	2	2	2	2	2	2	2	2	2	-1	-1	2
2	2	2	1	2	2	2	2	2	2	2	-1	2	2	2	2	2	2	2	2	2	2	2	2	2	2	2	-1	1	2
3	2	2	-1	2	2	2	2	2	2	2	-1	2	2	2	2	2	2	2	2	2	2	2	2	2	2	2	-1	2	2
4	2	2	-1	2	2	2	-1	-1	-1	2	-1	2	2	2	2	2	2	2	2	-1	-1	-1	-1	-1	2	2	-1	1	2
5	2	2	-1	2	2	2	2	2	2	2	-1	2	2	2	2	2	2	-1	-1	2	2	-1	-1	2	2	2	-1	1	2
6	-1	-1	-1	-1	-1	2	2	2	-1	-1	-1	-1	2	2	2	2	2	2	2	-1	-1	-1	2	2	2	2	-1	2	2
7	2	2	-1	-1	-1	-1	-1	-1	2	2	-1	2	2	2	2	2	2	2	2	2	2	-1	-1	2	2	2	-1	-1	-1
8	2	2	-1	2	2	2	2	2	2	2	-1	2	2	2	2	2	2	2	2	2	2	-1	2	2	2	2	1	-1	2
9	2	2	-1	2	2	2	2	-1	2	2	-1	2	2	2	2	2	2	2	2	2	2	2	2	2	2	2	-1	-1	-1
10	2	2	-1	2	2	2	2	2	2	2	-1	2	2	2	2	2	2	2	2	2	2	-1	-1	2	2	2	1	-1	2
11	2	2	-1	-1	-1	-1	-1	2	-1	2	1	2	2	2	2	2	2	2	2	2	2	-1	2	2	2	2	-1	-1	2
