0	2	2	2	2	2	-1	-1	-1	-1	2	-1	2	2	2	-1	-1	2	2	-1	2	2	2	2
1	-1	-1	2	2	2	-1	-1	-1	-1	2	-1	-1	2	1	-1	-1	2	2	-1	2	2	-1	-1
2	2	2	2	2	2	-1	-1	-1	-1	2	-1	2	2	-1	1	1	2	2	1	-1	2	2	2
3	1	-1	-1	-1	-1	1	1	1	1	2	1	2	2	-1	1	-1	2	2	-1	1	2	-1	-1
4	2	2	2	2	2	-1	-1	-1	-1	2	-1	2	2	2	-1	-1	2	2	-1	1	2	2	2
5	-1	2	-1	-1	-1	-1	-1	2	-1	-1	-1	-1	-1	-1	-1	-1	-1	-1	-1	-1	-1	-1	-1
6	2	2	-1	-1	-1	-1	-1	-1	-1	2	-1	-1	2	2	-1	-1	2	2	-1	2	2	2	-1
7	2	2	2	2	2	-1	-1	2	2	-1	-1	-1	-1	-1	-1	-1	-1	-1	-1	-1	-1	-1	-1
8	2	2	2	2	2	-1	-1	-1	1	1	-1	1	1	1	-1	-1	1	1	-1	1	1	1	-1
9	2	2	2	2	2	-1	-1	-1	-1	2	-1	2	2	1	-1	-1	2	2	-1	1	2	2	2
10	-1	-1	-1	-1	-1	-1	-1	1	-1	2	1	2	2	-1	-1	-1	-1	-1	-1	-1	2	-1	-1
11	2	2	2	2	2	-1	-1	-1	-1	2	-1	2	2	-1	-1	1	2	2	1	-1	2	2	2
