0	2	2	1	1	1	1	1	1	1	-1	1	1	1	1	-1	1	1	1	-1	-1	1	1	1	1	1	1	-1	-1	1	1	1	-1	1	-1	-1	-1	-1	1
1	2	2	1	1	1	1	1	1	1	1	1	1	1	1	-1	1	1	1	1	1	1	1	1	-1	1	1	-1	1	1	1	1	1	1	-1	-1	-1	-1	-1
2	1	1	1	1	1	1	-1	-1	-1	1	1	1	1	1	-1	1	1	1	-1	-1	-1	1	1	1	1	1	-1	-1	1	1	1	1	-1	-1	-1	-1	-1	-1
3	1	1	1	1	1	1	-1	-1	-1	1	1	1	1	1	-1	2	2	2	1	1	1	1	1	1	1	1	-1	1	1	1	1	1	-1	-1	-1	-1	1	1
4	2	2	1	1	1	1	-1	-1	-1	1	1	1	1	1	-1	2	1	1	1	1	1	1	1	1	1	1	1	1	1	1	1	-1	1	-1	1	1	1	1
5	1	2	1	1	1	1	-1	-1	-1	1	1	1	1	1	-1	1	1	1	-1	-1	1	1	1	1	1	1	-1	-1	1	1	1	-1	-1	-1	-1	-1	-1	1
6	2	2	1	1	-1	-1	-1	-1	-1	1	2	1	1	1	-1	2	2	1	-1	-1	-1	1	1	1	1	1	1	-1	1	1	1	1	-1	1	1	1	1	-1
7	1	1	1	1	-1	-1	-1	-1	-1	-1	1	1	1	1	-1	2	2	1	-1	1	1	1	-1	1	1	1	-1	-1	1	1	-1	-1	1	1	1	1	-1	-1
8	1	1	1	1	-1	-1	-1	-1	-1	1	1	1	1	1	-1	2	1	1	1	1	1	2	2	1	1	1	1	1	1	1	1	-1	2	-1	-1	-1	-1	-1
9	1	1	1	1	1	-1	-1	-1	-1	1	1	1	1	1	-1	2	2	2	2	2	2	2	1	1	2	1	1	1	1	1	1	1	1	-1	-1	-1	-1	1
10	2	1	1	1	1	1	1	1	1	1	1	1	1	1	1	2	2	2	1	1	1	1	1	1	1	1	-1	-1	1	1	1	1	-1	-1	-1	-1	-1	1
11	1	1	1	1	-1	-1	-1	-1	-1	-1	1	1	1	1	-1	2	2	2	-1	-1	-1	1	1	1	1	1	-1	-1	1	1	1	1	-1	-1	-1	-1	-1	1
