0	1	2	1	1	1	1	1	1	1	1	-1	1	1	1	-1	1	-1	-1	-1	-1	1	1	1	1	1	1	1
1	2	2	2	1	1	1	1	2	1	1	1	-1	2	2	-1	2	1	1	-1	-1	1	1	1	1	2	2	-1
2	2	1	1	1	1	1	1	1	1	1	-1	-1	1	1	-1	1	-1	-1	-1	-1	1	1	1	1	2	2	1
3	2	2	1	1	1	1	1	1	1	1	1	1	1	1	-1	1	-1	-1	-1	-1	1	1	1	1	2	2	1
4	2	2	1	1	1	1	1	1	1	1	-1	-1	1	1	-1	1	-1	-1	-1	-1	1	1	2	2	2	2	2
5	2	2	2	2	2	2	2	2	1	1	-1	1	2	1	-1	1	-1	-1	-1	-1	2	2	2	2	2	2	1
6	2	2	2	1	1	1	1	1	1	1	-1	1	1	1	-1	1	-1	-1	-1	-1	1	1	1	1	2	2	2
7	2	2	2	2	2	2	2	1	1	2	-1	2	1	2	-1	2	-1	-1	-1	1	2	2	2	2	2	2	2
8	2	1	2	1	1	1	1	1	1	1	1	1	1	1	-1	1	-1	-1	-1	-1	1	1	1	1	2	1	1
9	2	2	2	1	1	1	1	1	1	1	-1	1	1	2	-1	1	-1	-1	1	-1	1	1	1	1	2	2	2
10	2	2	2	1	1	1	2	1	1	1	1	1	2	1	-1	1	-1	-1	-1	-1	1	1	1	1	2	2	1
11	2	1	2	1	1	1	1	1	1	1	-1	1	1	1	1	1	-1	-1	-1	-1	1	1	1	1	2	2	1
