0	2	1	-1	1	1	1	1	1	1	1	1	1	1	2	1	1	1	1	1	2	1	2	1	1	1	1	1	-1	-1	-1	-1	-1	1	1	1	1	1	1	-1	-1	-1	-1	1	1	-1	1	1	1	2	2	2	2	2	-1
1	2	2	-1	1	-1	-1	-1	-1	-1	1	1	1	-1	2	2	2	2	2	2	1	1	1	1	1	1	1	1	1	-1	-1	-1	-1	1	1	1	1	1	2	-1	2	-1	-1	1	2	-1	2	1	1	1	1	2	1	1	-1
2	1	1	1	-1	-1	-1	-1	-1	-1	1	1	1	1	1	1	1	1	1	1	1	1	1	1	1	1	1	1	-1	-1	-1	-1	-1	1	1	1	1	1	1	-1	-1	-1	-1	1	1	-1	1	1	1	1	1	1	1	1	-1
3	1	1	-1	1	1	-1	-1	-1	-1	1	1	1	2	1	1	1	1	1	1	1	1	1	1	1	1	1	1	1	-1	-1	-1	-1	1	1	1	1	1	1	-1	1	-1	-1	1	1	-1	1	1	1	1	2	2	2	1	1
4	1	1	1	2	2	-1	-1	-1	-1	1	2	2	2	2	2	2	2	2	2	2	1	1	1	1	1	1	1	-1	-1	-1	-1	-1	1	1	1	1	1	1	-1	-1	-1	-1	1	1	-1	1	2	2	2	2	1	2	1	-1
5	1	1	-1	1	-1	-1	-1	-1	-1	2	2	2	-1	1	1	1	1	1	1	1	1	1	1	1	1	1	1	1	-1	-1	-1	-1	1	1	1	1	1	1	-1	-1	1	-1	1	1	-1	1	1	1	1	1	1	1	2	-1
6	2	1	-1	1	-1	-1	-1	-1	2	-1	1	1	-1	2	2	2	1	1	1	1	2	1	1	1	1	1	1	-1	1	1	-1	-1	1	1	1	1	1	1	-1	-1	-1	-1	1	1	-1	1	1	1	1	2	2	2	2	-1
7	1	1	-1	1	-1	-1	-1	-1	-1	1	1	1	-1	2	2	1	1	1	1	2	1	1	1	1	1	1	1	-1	-1	-1	-1	-1	1	1	1	1	1	-1	-1	-1	-1	1	1	1	1	1	1	1	1	1	2	1	1	-1
8	2	2	-1	1	-1	-1	-1	-1	-1	1	1	1	-1	1	1	1	1	2	2	2	2	1	1	1	1	1	1	1	-1	-1	-1	-1	1	1	1	1	1	1	1	-1	-1	-1	1	1	-1	1	1	1	1	1	2	1	1	-1
9	1	1	-1	1	-1	-1	-1	-1	-1	1	1	1	2	2	2	2	2	2	2	2	2	2	2	1	1	1	1	1	-1	-1	1	1	1	1	1	1	1	1	-1	-1	-1	-1	2	2	-1	1	1	1	1	1	2	2	1	1
10	2	1	-1	1	-1	-1	-1	-1	-1	1	1	1	-1	2	2	2	2	2	2	1	1	1	1	1	1	1	1	1	-1	-1	1	1	1	1	1	1	1	1	-1	-1	-1	-1	1	2	-1	1	1	1	2	2	2	2	2	-1
11	1	2	-1	1	2	-1	-1	-1	-1	1	1	1	-1	1	1	1	1	2	2	1	1	1	1	1	1	1	1	1	-1	-1	-1	-1	1	1	1	-1	-1	-1	2	-1	-1	-1	1	1	-1	1	1	1	1	1	2	1	1	1
