x
6214709
15519281
10177705
58719624
5685008
33871640
49947300
13415333
2735151
18132134
22219490
36762924
23643062
18745874
61038340
6053847
53940856
43101932
40846460
38174188
42065028
7823761
59847784
23796284
37263340
44053952
35632216
50510108
55816032
31891626
14367776
60767124
32339410
61550640
2843808
41337112
32580916
34863556
5957499
19863424
32142894
26977462
46534804
54464188
54400100
14810891
15655951
39396148
13450986
47485972
7571644
15970037
28566564
41214872
2922753
8843690
46331496
53026188
54048664
46051368
2926149
2917236
22346398
32720982
27789840
15923348
29277076
19852388
26355232
16845656
50280060
33090244
46436756
62341796
12425539
55039732
52146324
51983764
46727924
26649370
14304534
41753488
61939424
30322472
11079215
6657400
51088620
36193748
40103264
15471320
3458821
25938432
24092544
16256534
21627820
46522920
36443320
32849588
39723816
17683500
33218850
41452136
23792040
47899376
55163244
30650140
25204576
488166
41917748
30550396
41948304
58166156
48980000
13749367
30740546
61975080
24393046
15769276
30753704
42320116
40405044
17545134
20806530
17646574
38351176
45998312
62416496
50632348
22058202
38169940
46845916
4230028
30479940
47665088
2266145
8007119
45876496
9123821
40356656
12439545
10739239
53577112
48671008
37032020
9686628
16141510
57188244
33454414
14093163
63565456
41378284
4901068
35469232
1329830
7453650
31550802
63198316
53816920
26997410
20166898
57933988
56600396
6866225
6440511
9896726
13308798
55194652
54434480
42302288
51918400
24753820
28625136
5144696
38456864
34848700
55530808
10831767
31198092
61323140
51998192
52191740
44451652
46623088
49665048
38451768
4769067
49364120
18745024
41090936
2200781
11088553
57674228
51364080
53605548
3625626
44560308
20930042
59701780
40057852
15660620
2308164
48454544
34111024
61528568
58020572
18718710
44302248
30239706
5245289
58985324
60143620
51674772
30639528
49908252
39486980
46578520
5754192
42356192
17854974
11050778
23937198
51424776
29569092
19099856
30524506
28043654
52166696
35695032
21913894
17608374
43396496
20123182
46525892
37177176
55780804
7470627
56904296
47075116
9773214
38970860
24737268
54431508
34500660
52940028
60639792
58549000
38478084
3175295
59141516
5729999
34895812
2884554
60373668
42503048
57137736
2455445
62581604
15863502
28142974
1645614
51200672
6661645
62139760
5145970
22820496
53851724
29662892
264062
53860636
43814144
24279296
45821320
18748844
57470072
62554440
17319756
5032220
55075384
52510068
12132251
1122279
2677427
56748948
36023124
55122920
40472104
5043255
41935572
41615120
61485276
18590104
13687823
27702404
13993420
2941853
42386328
21209748
22118474
45637112
35625424
48039868
27419304
62158860
46062400
29436242
27646802
36402148
16900834
14813438
36696712
27999088
39283248
14754865
12964578
18870234
28968084
59279884
63348568
33800332
36851208
40546380
20126152
36824044
54227776
59224708
24115462
60968732
13631373
38448800
33718416
32834308
6429476
10104277
152858
11857638
55629700
47450744
41068868
41939816
53778720
43981796
7485482
31715908
31041898
55315192
58213268
49513524
15543474
40380424
48685864
6051300
15764
33779536
57598256
40790860
45498744
58029060
16093973
15435667
40535768
47985116
26277984
22054808
60456856
53923876
46971128
57280772
41986080
56447172
22644778
56276548
16428432
20170718
24961372
32761304
24679120
9350896
21895642
24424030
59723000
6685413
30506254
16220032
38810844
21661776
7096271
37221744
4305579
58721748
5544519
50950252
21687242
25295406
23847216
33857208
57742140
42173684
45505112
20810350
30785536
15776916
25186750
43758540
43760664
62191544
4387920
55754912
40084164
47351424
14127967
10073293
46562816
18752240
56299468
20098988
14561321
17408464
56442504
30609394
47206692
60276896
41744152
31522788
11424710
1062433
62203852
10483302
37064700
27230852
15388554
27266080
27943486
1089597
45471580
61031972
53945100
20198306
21634612
42048048
30119590
15503153
16864332
56525272
44403268
29684114
23220744
38469172
61548092
12352960
23721582
44500040
35420420
32068618
47040312
43405832
20877836
53973960
20499660
45762324
38101184
45281432
40462768
45095528
33581748
33318170
57914460
62259452
14161923
21452526
2831923
61833740
6356897
45295440
35546904
38824004
40722100
57673380
50940488
35821092
26793678
21882908
44779744
57790948
50267752
31172200
53297404
49494848
48210068
54603832
37036688
37620716
58636008
14745527
25430802
59280732
17375358
39232316
18405048
2789055
11006636
44458020
19036614
33289308
7207050
36672944
47764832
61555732
19265812
36347396
15801534
40483564
59830384
53927272
33562648
26952420
40436452
39776024
46316640
54653916
57977280
40182636
6871318
52413720
42444052
58214540
33475212
33897104
52274080
58545604
55894552
49745268
34266368
62052752
2073449
41498400
7308491
39627044
39910568
47739364
29832668
16115195
30165430
41581164
58358428
5460904
31179840
36506136
20976730
11048656
2152819
4578069
60062552
51979520
48002940
53330512
48880260
31948078
26059398
35692060
36412760
62815044
48651060
57828724
8260085
40909700
17245478
18984408
38735720
22833230
47099308
53443412
19793392
40851976
14478555
49288144
54055880
12495571
45963084
19100706
54088560
35812604
2643047
26720676
6752899
49244428
20000518
36749340
47680792
27711318
61534084
35449280
59294316
39915240
26676108
34016372
15808325
35294784
3156195
47618400
36215820
58349512
19312500
42271728
37327852
22313716
25460088
6339495
16124533
49761820
7785986
16494220
19013696
9075010
24290332
3479194
5708777
33774868
57653008
16082938
17453030
51102200
18282386
48693928
62997556
22899866
17990794
28108170
24603568
14684833
47662964
21764490
20202552
19349002
31220588
45984304
25829776
16273087
47622220
3362049
52264744
1363785
58384740
9455308
713544
30236736
32859350
26182486
4245308
34830872
22083670
12718827
56267212
23308602
37502296
28044928
29508396
28985062
37745500
47380288
47246588
22973296
52242248
5358190
56850392
32736262
5196478
18009046
60731896
1881602
43530192
45932524
53722268
46717736
50616644
46117580
2374801
37307480
38141504
38167820
48957932
37316816
10963343
23239418
40478896
58921232
33847020
61925420
8557194
24150692
21894794
60014592
40262432
20262398
31017280
18444096
190209
8417977
4636642
35265500
10086875
3952445
53805884
27639588
6857736
13620337
23135006
38520104
43274256
57596556
40152500
12279107
5263115
16343544
43759392
42289556
46437608
5870489
49222356
18607506
44426184
55752364
5112863
32144168
33222670
361258
40779400
814136
31776178
54648396
15206894
19834138
16431403
33058412
889262
28283888
8928578
4083172
46706276
9692995
15433545
45508508
7276658
55747696
30902682
23828118
34344888
41688972
48951564
9201493
59074880
42587936
13032064
4694366
61169068
52776192
7918411
48199032
61562948
56833836
23370570
32642036
664733
28882348
42686832
47607788
48603100
52603868
28399334
3102716
3104838
3132427
50892528
39710660
38963644
33990908
33347880
42062904
15334650
12363995
29261796
10062682
1884998
6142130
26314910
59485740
30908624
59700504
54256216
16034551
6967666
23464372
30986720
56340640
5417611
43310756
40661828
40118120
18005650
63211896
12361024
11010881
39085884
8894199
35259132
7960431
26088684
26180788
26592494
53386112
1328557
25588694
45701204
386725
37774788
33204420
56290132
36173800
60191584
22037406
48713452
34620352
16195414
1590012
51222316
15848222
24935056
24034394
49845436
59804492
56420432
14290528
46731320
54523612
13287152
16120713
42299740
26984676
61367704
58086784
9510486
18726350
41679212
25432076
62503932
56630108
63439396
24853988
2934638
41988204
60352868
39023064
3449483
51557200
29828848
27580590
24803904
35751908
37677168
2264023
50168856
23531858
51292352
19200024
33774016
53914540
16509500
61708532
58135172
19123200
12104238
35650040
7034303
56069420
60856256
22065842
39568048
57332132
11207821
23552656
30046586
59759504
36897896
50614944
19151638
43425780
21309490
4968129
9944688
47731724
2477091
41353240
17767540
47368828
57113120
32131860
12766364
27496552
57493840
56724332
62775148
14412767
17835450
53292312
27979140
50140420
8614068
38731476
51268156
29080560
59002300
40049360
35554120
54346620
34670436
12334709
61695796
3659157
57876688
11764686
38955156
33403058
3295836
60413564
13387320
57609288
59298560
827293
27922264
57543500
25921454
37196276
13004475
50201116
56945464
14143247
16956010
50903140
13068565
29606866
34200156
43779764
43449124
21687666
24542026
18486116
3969422
59819772
43472892
44913020
39455572
26417200
25345490
7909922
25370108
22782722
27766920
7834372
33863148
4037757
9859375
15376245
7466807
62195364
51024952
22562438
13847837
10711651
16577835
13398355
36936944
21784014
29743960
53585600
8064843
44787808
53012180
37054940
40950448
41003080
1894760
38744208
53370408
30072052
23645184
9200644
15768428
43904124
44161760
35927624
30947672
48308536
8662030
4982560
5055564
48299624
47566616
54731588
26046240
29437940
54803316
