x
112404
16715529
35186560
11800243
3119013
6560836
27636942
9107118
35338128
12819583
37748200
14485391
8662154
12043407
42307456
30739576
37493808
37537240
868488
18985260
26266892
13194523
15780396
35388360
43294000
17765006
35098216
21296650
15799305
19206264
28325958
35584544
26505624
32841190
20482654
12889903
32197676
1687210
35030848
19376744
21407448
33117742
6469243
13964789
16311930
43319416
17834144
24700654
35566224
20475564
43873104
43510280
35060984
13981630
6710635
43886400
30255022
8560811
8749315
40056936
20418540
8910046
34371680
12138841
19041102
18130492
7335830
22606428
10283938
35523680
25014432
31816532
32235200
7150281
3492476
7688610
24124800
264271
44212000
1755166
9549127
38130528
1125539
13429414
35024648
38158304
273430
35947072
41628784
9478512
32324724
32844736
12993019
6999300
29594076
5480632
9013457
18294472
22283784
6992209
9887134
5113374
390728
28386822
30963832
17393022
31513684
16335271
36737432
23736860
26593080
30013334
9497422
39083392
12687512
42449280
8418103
18477066
31911966
37687928
24738176
41719784
39685536
23515560
23424854
36831392
15737850
38938024
36704632
25206186
19613114
10294575
19428450
15029630
17039354
31420614
15082222
41740472
17323588
10904702
28527166
659302
15286976
43779152
25790018
22891842
35096144
27902858
29273204
43569664
25165708
42613848
6397742
19215128
19373494
11727264
5952187
42008456
6193283
20446608
6484017
16597345
17159902
7410582
11151707
5758956
6194465
41907704
44152024
37683792
30719486
40973160
27310458
1062606
40493328
9113913
38768136
35235016
22823296
37327464
43140064
43077728
17385930
18404384
1814849
33113014
29200522
40299208
25062298
38003184
13615554
39170256
21597724
27685104
2204857
22602882
9627129
18351496
30143338
16043356
8769702
43662440
3563091
8624630
20304196
17031082
1602708
38821024
2110014
14424822
15281363
35100576
20700114
18627752
21829070
37286992
44273456
12324391
27353892
21931890
37459536
16217973
41300824
25909088
13308571
33880328
36533272
9200188
14290978
24279030
18954826
23591788
8936637
20463154
39453008
37460720
21129124
23335920
43532440
24784564
43896744
18395520
11792266
16335567
18540590
27698694
8973274
34317312
41897064
33637160
18266404
36211512
29732942
38631040
16170109
32427544
24669926
6612837
29954834
21460334
26610216
3606228
38526448
5501314
15965059
11734946
21868662
20322514
2673163
21295468
18386360
18660252
17135674
19165490
27189024
11391325
42246296
16699574
5936232
35959776
26042340
23670382
457502
39050592
854897
5206444
11256891
29830148
29766330
40158280
23073256
26723378
41182936
18732050
15136587
2289359
3925326
32652686
45925
11537283
17455364
1949284
31730258
41472488
34476272
15721304
29713146
16875374
26791630
27316664
10485443
9940022
41048504
6131236
33433294
20516632
39889408
10205641
38097736
10012705
36458520
14014427
6349877
17066242
29134930
20686522
964217
28520370
8614880
29771352
17166108
1900533
29096224
1324680
1360430
40687744
31760690
27336460
16818940
38324056
15087836
25455852
10929225
26762084
6374105
16303362
39178528
26260982
11127774
2087264
31348818
16399977
18108332
13192750
14774943
24401942
28190046
38096256
29453140
628869
20355016
23326760
1267360
25199982
40855568
3487453
40391984
6538677
16374863
1860055
6963254
14660008
35276080
32343338
33409360
20258696
13942334
25636082
32564638
1849713
43784464
6002415
43781512
27849084
6783023
14003790
13054179
4462769
17347816
22321012
35009576
39797520
33053036
18264040
7898387
30538368
17678140
28646828
38062280
18515476
5012031
218770
4583613
28318866
2521591
18508682
37928728
36673320
7743271
20681500
43944312
6527154
20637476
7289443
20061032
19275402
2620571
17426112
13841877
17519774
28193592
30471890
19247924
5651999
14536210
22672020
22402560
25507852
32723006
9436852
14004972
3656456
41311752
11961860
42011408
33960688
18506908
42285296
38852344
9955681
29961628
40359784
41925136
14566052
39891184
15846875
2146652
4635318
8211871
36689568
16070538
35832432
24216688
21564336
39128008
43772056
25140594
16580799
42914632
16449910
1819576
34769072
5172171
3990623
28396572
12387028
18263448
28901220
26977474
39059160
7223850
2782188
28222250
6369969
24342850
8344533
33721072
23740702
26293482
38524080
41987176
26605784
42981408
18130786
40621560
18096808
18218538
20347038
31254270
32156608
19168446
8491968
39354920
25718220
23933932
37641544
32097514
21720044
15604006
34660936
21856844
20930868
6103758
13740534
17077764
42381328
12279776
3408269
14667690
13018133
3539158
11308596
738781
33558272
42181888
5364515
148450
26731060
41930448
36743344
39701496
30710030
6634111
24371806
33188652
5534405
37494400
37369720
22547926
26224936
16083539
10636423
4984848
29072588
26413736
42924968
26551716
6630270
41310280
34213904
13778649
13853696
25692220
4340153
40625400
43169616
21948140
23053460
41367896
19716230
28198910
39570904
17343088
44299160
4248265
774236
25193186
33444226
43238752
33831280
42620648
22147280
13452756
30647394
10381145
18700140
37703296
12004998
12327936
7680337
40869152
7431559
43099888
3729731
43440848
25470920
14058746
43048176
36139120
10803949
14333229
35183016
32136220
1567548
36778800
34546888
21358400
10741903
17183540
20944756
31069902
20553270
17076878
13352003
3823392
12070590
41755832
33690640
12088613
38215328
16500138
17836508
4884096
32129130
19778868
38424808
5040100
34618680
14670350
43523280
4383586
33752984
25695766
24554696
13065997
44303296
24689426
24436216
21322650
27920586
33936168
26281664
28102590
5351811
13362640
423229
19072124
28757330
39542832
35741728
21534790
7918183
43170792
30518868
3856188
2604616
27116046
22799364
35538744
13512734
31103880
23620448
19869574
36067624
28039952
1052265
5799729
28646238
26262164
20149374
5609748
5024145
29012608
33469044
3359814
27406778
9481171
37727224
38371624
42368912
21097508
31314840
2198357
43727736
6530404
36871272
23660040
18563636
29860876
22455742
42817128
7935616
246543
3123445
27954858
5839026
29425958
22652224
4760003
16916738
11802607
32024240
35667864
7085575
4138648
7847568
11417031
24843360
7578994
19840028
15391865
12489849
15645370
43662736
40644904
20850798
19675160
490003
141064
16089152
38410328
27741240
13149022
29859400
10769676
16238360
26118570
9509536
8877545
9970750
31258110
16867692
15152542
29129316
6778886
41713880
30466866
36473584
21982118
41140392
40192552
42810336
27817764
39790432
2527796
9320736
24195416
16155631
4348130
23278304
39791904
18973736
41485488
27626602
38922072
43127656
40954544
10840882
29779920
19694660
30516800
33138718
2867281
43670416
30523004
23485718
4436769
13414937
20929392
14371343
27102454
43378504
35155832
40578128
12029225
11344643
15281067
28114112
21306400
33289108
26669604
6680793
1101607
5392880
12657671
7341739
31686234
26228482
29878308
1489251
12995973
1505502
13365299
40523168
19573226
34630208
36347424
33687096
13192455
32949920
43677808
20118352
23677178
34311104
30751100
3005261
7677383
4002736
42542648
1712915
3040125
17369976
6808433
15719531
7263738
7634245
19448838
22183032
8408649
24919886
42539392
15245316
9030889
17674300
43182024
31700120
35903344
42321048
32538342
12973814
17816120
13008383
28754376
15410774
8690814
26424076
40387552
21675726
10349826
4336016
2254790
12443461
28588918
36691048
12958450
8503787
12859766
16912602
32739846
6030189
39755856
25783518
18853780
40417984
13590736
40622744
38201736
27536782
26976292
12544214
11230004
21394446
36430448
19967962
20888026
25292756
6078940
7883614
31721098
16085016
17110560
21168714
24245644
4086943
34987120
21022758
43996016
16989716
17851280
24716312
18714322
1457046
22680292
35253920
32507320
38170416
27573124
40660856
12001452
2243858
9318668
22338444
8825839
29300388
35949144
20245990
16921762
32962624
6508540
7384877
26983974
36691336
19614590
36362488
27831060
17975966
35908072
43545440
21564632
18099764
14350366
10176095
41143936
25508738
13604327
21428720
11489123
39693520
27790878
14005858
5781115
29293296
24417898
38842888
29044518
31152336
8965592
14423344
31698348
10878996
6251784
33291176
2639185
11635081
38206168
4162285
22598450
26222868
26250050
29315160
18108628
28792490
14822512
17216336
11530192
30944922
19605432
16024742
35572432
22344354
42693920
28345162
8270964
28474574
25673902
31696870
29390502
18270540
43033112
27014998
36244304
42369800
33370360
43189408
3854415
13742307
34171352
18514000
30709440
3064648
4802549
6374696
19843868
29927060
12724149
30796306
14176044
39246784
3312835
26518032
30022198
25781450
8571152
1845282
30754940
2370020
22778386
40874472
10989499
1345362
8096051
33950648
27831356
43882560
2717777
35706272
2737278
25743334
20300650
42527872
1571980
19423132
22781340
36045760
29958674
20675590
33844872
18343222
37822360
17382976
33950352
36866544
25843496
19607500
17413112
28070088
3722640
14083564
11525465
28940220
