x
34147004
34233016
29579706
36463952
20124496
17407612
4310812
1190645
48870316
25779818
40461296
18883524
49675544
34239372
4460746
45855908
33481336
25939792
35320704
26314626
8389150
4511282
28248708
11669960
37005120
35433824
27237658
37897696
17081304
26562620
9553481
43826112
38822732
35192860
16299506
37492404
32398666
4618377
27249036
44707976
4340932
42565728
33961260
45862604
18476894
37442204
29090748
42470348
2554108
43561720
37273192
21399938
15304520
22669022
3909537
43354556
25314954
28193152
24531482
16492947
31543574
7918598
15071586
39781908
44518216
31389624
25649294
14953112
37185844
35706584
11578259
39115572
24943132
28387262
9604351
19275092
8715792
1846607
8508294
26923398
26379218
12296804
39522204
33172432
5638798
8823557
19405616
29719266
32753754
21545522
27697834
2647147
47093200
16621462
13178670
7609694
23396938
14205450
9029047
43041300
48765232
41318064
8393166
36202904
16858076
34738036
24850428
39516512
44855232
24730614
9461446
43648400
27354794
14381823
11176650
45439576
29101122
50162828
26658002
44959988
30308292
10419952
1953702
10451746
2731485
37380288
23858118
16615103
23512066
32532870
45697272
12473177
27754060
20409638
28219590
30632590
42749800
39199912
24739316
20913322
5054457
13476865
21011382
15519715
38020520
42033932
19865458
23167016
39002120
24036834
16570257
10843649
9719145
1886098
41365920
49449640
10296792
36256788
12743929
3976138
11466478
31220278
48951308
9145513
18366788
48243808
34780876
12976527
27909348
27501716
30026496
44617280
376718
2641792
25810942
35588444
2868032
10637825
33755768
46212672
37792272
41663448
18868798
37032896
2613010
38119584
33864204
3363015
3238516
27016104
9096985
36153040
18896910
16046492
47967032
21256028
21846728
8435000
7279036
13778406
5375745
1061461
50189936
26247356
36407056
4471790
15830962
26012416
9757632
2140116
31087748
27976618
1140779
14103374
18670672
39743424
44763868
31778514
8196377
20894246
49732104
11896534
3748894
7491889
50117984
44074104
34816684
18281780
15037115
47185568
17248306
31488018
29891958
2097947
17531440
12871439
1228798
47703980
21684410
4960079
38438864
8404210
20523426
1992524
3531690
8040754
48963356
30613180
3373390
20936750
23351088
16013359
17720532
38993752
14527741
30703876
9053478
31480320
9606694
15498965
49214696
31859506
24632220
18248982
44997468
25129546
8740223
42179848
27364498
38072060
42342500
31998396
47932896
18550524
9012648
42899400
8110031
29635596
14120108
41037272
31142634
6669929
26596422
42625968
30971280
26947160
13118763
49397096
17657612
27278488
28273808
37106524
10461117
26924402
32549604
4567507
4502580
29162368
7216117
31992706
3337914
20258364
36948224
47971384
38993084
7285729
10672296
18755008
18633522
39646368
45192920
16817246
48695620
16439399
5431970
5251246
10505294
19828644
18271070
30279510
46736100
48316768
14558197
8153539
21068610
18741622
29453534
11683012
45795668
34914744
29412034
42419140
25575666
17642218
26316300
31363184
13834297
16704126
19779112
39315376
22903628
30409364
38851180
16617111
9842639
24226930
38312356
10862056
23981278
49028952
49018912
14290457
42179180
39206272
47038648
42612916
20626172
26975942
19717866
565474
36146344
33730668
1034018
42693908
23456176
22161322
15489260
26272792
12415613
17430034
47190924
23639242
32073698
27737660
22913000
45702292
1045397
6256272
33250412
10905229
19396244
20198458
278993
46653104
23182412
4006258
12636498
11451083
14267699
23568626
44766880
33669424
7036732
31476304
35188172
10593648
30935470
31095780
1617690
10556834
35683828
31785208
40937540
17731242
624042
50144088
41774560
17141210
14351703
93584
13136167
11440708
43062720
7415248
27254726
19433058
37945552
47121980
9504284
38406400
34647676
21348064
37337116
16212490
9227508
5925949
18439412
7937005
34950220
40822744
5804462
39759152
30552938
1951025
46723384
26297224
40124952
34091780
12613406
41842832
48180888
37129616
49409144
35966624
2560801
2162204
23310592
34413740
45120296
29985332
29294564
38653724
22157640
31237682
30040888
29307950
48536312
35134624
17845364
39790944
33378256
46163476
17937734
26129886
27086384
32492040
5143146
34192520
36540592
23326322
2144132
26209538
21618480
16926016
27906336
25350766
1814143
8035399
33149674
21612122
22161656
20176370
8365722
7745237
8750598
26654656
39693220
16493951
1450018
26658672
27655330
7921275
45335492
9375100
21926046
3519977
41250796
17644560
32270486
39534920
6821871
6042081
11207775
43595184
19013378
15135509
1413204
8697050
26331360
48355256
44655100
25894610
28048572
19401600
21586686
19998992
23038168
39112228
21476578
2086568
15955461
43682536
27178420
15928017
38367576
13377801
23873180
45278596
27323334
25270778
32561652
8128104
13226194
14034766
22285820
24835366
12543793
44172500
17924348
35256112
34416752
21217540
31478646
18015380
6929301
20299530
9031055
40481044
45701960
6380436
14036440
15967174
47363280
13932691
6623409
45926860
9126437
34934156
23706512
29863176
42300332
23949150
37945220
10112721
4573531
24700494
47804380
5732842
11338632
26567640
23269092
1964412
11211456
48433904
4880092
42721688
37840800
1515279
40425488
39635324
3501904
40774220
16736590
49163156
41993100
46762876
7876094
14889189
30625898
42394708
42810376
38229692
2746545
21062586
26959208
313465
16670994
30007084
26862152
6832581
7225488
41934200
3077203
25282492
18652264
7037401
34858520
47643068
41479376
13523384
45041980
44543988
27351782
11239903
49323132
38341472
25672386
10652550
40297308
35638312
21738628
41961308
16321929
25509066
6191345
36850836
15291467
10628119
24973922
16212825
26620518
10165934
30945846
28176752
47312412
30560302
10007299
35198216
8171612
10846661
11934352
218417
39837800
6250248
41441892
35250756
21340366
9926977
12940382
5235851
1181944
20208164
36783900
36040588
1835228
2825528
37903720
38865908
33890976
32133938
36911744
26544882
35960936
40173480
33706236
35636636
3741196
494189
43747128
37345484
47135368
46810064
13570239
49243480
31615194
13885502
16080629
6368053
33420426
36970312
33062658
22033476
45886700
31305954
47344540
1169561
39350516
31540562
44179528
17787466
193986
49605596
30640958
125713
22711860
18901596
29824018
7496574
8535068
36501100
44396396
9036075
49756868
36573056
41898052
48816100
25651972
3926271
36462276
40859896
46167824
7775023
43195584
1597274
17503998
36085436
29945840
33157372
14175329
30935806
16888866
543721
48934912
31644310
29956214
38171792
9828248
40794968
38030560
13566223
35404708
42004144
10486552
7963110
44132336
33045590
6871738
15510679
28793556
7325221
20856092
38722332
17658952
40063704
9021014
16816242
24053568
2498217
36369240
14436040
21807906
14977208
7756281
13263677
32773166
475782
31277842
4033367
2120035
41605548
24021440
21472562
30157018
26754388
33323704
33736024
8678308
38521528
43593512
46263208
38034576
12138169
6452726
45441248
3500231
6080903
46650760
38075408
49643080
43038288
19977908
9731862
26146620
46674188
26782836
19737946
30389618
38450912
31795248
7958759
35201228
5970460
12688038
45087164
39435856
31134602
20952478
37942540
9951743
38652384
1939981
23511062
6355001
48007528
15310544
28149310
38185848
3962081
15481562
33712932
43201608
45626656
12003630
5055796
4337920
38248432
14789791
38469652
39174812
7658891
8936677
4066834
29253064
7463441
32137620
27162690
35027532
9609706
38335112
47945612
7856349
23031140
35284896
34630608
17272402
44510184
27774474
49819788
455701
8958765
36191860
15062216
17198440
45508852
23550888
9078244
14633833
5261286
16930366
22714538
26980628
10539096
13174319
15059873
8330247
41280916
9355019
23844062
25173054
42674164
8073887
41744772
37616568
41709968
20762050
7629774
44407776
35654376
25463550
37925808
25427070
13948420
3126066
4286715
36686176
18526426
33094452
31553614
25383228
33648672
17624814
14557192
34595468
3931961
42471016
32801278
42191564
46682220
37691200
30022814
41281584
1769966
32320686
27578690
24336702
40735396
40666120
21438426
12670300
41838480
27154992
2236502
29030506
33067680
46967360
28083044
37919112
11580602
43949604
9589960
47693940
22165338
18596708
46321440
44164800
23112466
14998628
3265625
8238212
17588000
28537532
43071420
50097568
547737
43604220
7745571
37235376
24831016
35422780
22528458
22558914
6000246
11855034
44669156
33623572
1792389
32125236
45572776
29042890
28652660
38937860
34297608
44534280
12540112
12822242
4177277
1106977
45171836
39379968
2134426
21342708
39499444
29894970
45947608
28425080
15514695
43093176
26524466
46774256
35165416
32943180
35055308
3597621
27990004
12193724
11992251
40016516
19647584
7092288
36776204
25610806
4329554
27407672
9541433
15458804
22211188
21979928
16939402
9685008
34648680
12480540
40656080
8090286
3524997
47062408
26598096
11330935
6640143
19781788
43918480
40350188
403157
25974598
6779368
46474388
11158912
24020770
22602756
43485076
11574912
