x
18409468
29233824
1679499
35085816
28072184
36210204
34494760
31699544
8268256
24450560
26208160
11839538
44674448
56652668
22392928
33284412
12597591
6583103
20911204
6399730
11774047
18112304
39616940
12089630
17226544
7879816
10704095
52350756
29529352
47065260
3352782
13824310
57167176
8531856
54336348
61360208
9699634
27140992
13297930
7638319
46931416
16548307
4703525
52822700
27339920
22970884
25639620
232977
10166664
55739072
48239996
56366556
18632952
24595048
10418393
6426335
39458944
57547840
2752725
22188272
12629927
5820548
54763264
21677852
58234264
22248032
29528940
61259516
9778632
6632221
48507280
35100140
38143812
28038212
27841332
33449776
52865268
30633684
8007932
20177300
27789348
59432332
52032720
49426604
58931328
44676084
18113532
29144592
45847548
17662464
45008448
55710420
44135788
25343276
58501548
20099124
28763520
1276323
46300248
43887744
44094856
52483784
32290184
52803460
44130468
58895716
51742104
53771084
2154715
46021504
25601148
33705600
36985860
27825368
57107008
58566220
50720860
53148924
559201
25843052
8353394
18418472
6161098
24259000
5491048
37303488
19603852
32468648
31273444
58088956
27479496
18070964
20715144
25576588
15475900
14229942
43144016
17594928
474882
15227445
47190920
15525018
22853000
2172315
34193096
30500248
24879112
55804156
60638176
17006332
54445228
26989544
55979752
57736124
14376068
39844520
56391112
47118064
53747752
17689480
15078045
29873996
21419984
12193596
54394880
16902776
37357928
43111680
8272350
46990764
56432044
31425712
43244296
43413756
3171865
32595536
28853980
51414244
38244096
54721104
41826428
4056806
18588748
47161452
14943789
26612564
10502303
59637808
24665860
1294333
29152372
38285436
28912920
5581917
46696060
26576544
25139028
26251140
4756326
36823768
5058402
41397056
13618424
47730400
58460616
52241880
30000472
13287288
2181320
28968180
57142616
12532509
33752264
15434149
17794264
24090772
41912384
43662620
6875355
30481008
20147012
20478560
42743296
51852212
56389884
49494552
41144508
50397912
26000228
18799136
25996544
15938836
4218076
9854765
6102976
13722800
60465852
17233500
20957868
41882912
14362970
49141312
47942836
35238900
60958668
301332
15707982
60295168
14472666
36483220
1025821
6608481
46246628
4080137
55500032
30983648
4389579
46949016
24055980
47100052
31640600
21801876
40373764
32661024
25831592
47128704
39965268
4026516
19442580
22075708
55795968
25327312
4531203
3191512
28609616
1703649
2092908
4927420
3404765
59620208
33271316
57932188
40518664
15632668
6455806
45521732
44815660
46553616
29405736
22045828
36776288
57187232
42557056
36876160
17668196
57384112
21143696
56219200
1485074
25255684
52347892
4501323
58971852
33084668
3474349
42168616
24385068
41722052
49801536
37321088
50127764
58595280
14513598
7914608
52956136
15374389
59047164
20697132
9397559
34762864
26125072
20912432
56449236
58173276
27021880
40789220
36409952
12636066
39422108
222744
43462464
27215080
11939001
19474096
14006865
1588631
61232912
38170420
52972916
26576956
41993836
19824880
47854012
41832156
47928916
5572912
50783076
33948324
7000605
48004232
39863760
21188720
26658408
21165800
6418149
14888941
36757460
19108988
27544988
35446420
38513836
43141560
45588860
33002804
21260352
20221916
55647796
7828242
6646138
15759965
30119176
27578960
29862124
54064972
24238532
23796472
22611912
39584196
16994460
6033801
23427680
51510840
22618872
7712406
51771576
36141440
27766836
38483136
60606248
19809328
40194896
39430700
10308287
61032348
9257164
51847300
23986396
18782764
32920124
27695204
41928348
49456484
26367384
26044436
29378724
1301700
11626284
5883582
50112616
40423292
35460748
56642844
9456910
39001740
9932126
39081964
32373276
48123344
38183516
21718376
2476437
5993688
14049434
18118032
4198020
39347612
26003912
8273987
59664820
44215604
48976356
52708088
20523584
14225030
27700936
59336552
4577865
59382392
28946892
46892528
59007052
58815084
7797953
16755421
15485723
53408020
39369712
27768064
34913084
53209500
18342340
53042092
17928928
19021392
24838180
22047876
54121048
24020368
45987532
9351716
8885505
25071900
41634868
10864957
52061780
5125939
33417852
16685428
21814156
54233200
3290157
9149923
932088
40186708
16803720
35475484
25897492
5322410
42371228
26098876
42093300
8326379
50866576
12481754
16546261
8930939
7599434
59887488
2937736
60557132
52547636
13611466
25277376
43778044
34042060
20467096
42331524
33710104
1011495
53853356
55831168
30281672
9099168
26978904
17334604
47153672
33349084
18630496
60481816
13249221
60534620
26056304
18614944
11883334
26353060
22076116
36017828
60498188
60205120
16048533
24738716
11622600
24934780
29217452
31953320
19577652
47486856
56351820
36119744
31691356
20449496
605863
55645748
17997284
10426989
17977228
33225880
42377368
47843780
38900636
27216308
4429283
55242164
59195744
16106246
19892008
33026544
16777115
9418434
1636521
51158012
39552268
11486707
50254240
1062251
29538356
4273334
3347052
4365020
17767660
31236196
13532059
27707896
35849188
16235181
34810344
60329140
32317200
55492256
41740060
23295468
35296612
41834612
29421700
25885620
26870024
26053848
22629512
42864044
13396575
35345320
59941112
55431676
4017511
31499388
50172376
28128672
48737316
43353584
31757664
35734172
34905304
1802294
46770144
27713624
3608195
35460340
14324494
5832827
42800192
21558744
32798556
46839320
60701208
30271440
57127884
52784632
25879892
26355516
43981068
8806916
32688452
45121012
5656821
42983564
56749676
39483096
51803092
29288264
15837735
25094412
44634744
41765848
35544248
26244592
7019843
43104312
31503072
49998828
4270469
48134396
23915172
58610016
61281620
21420392
61033576
11180948
36797572
25491040
21428172
22842356
60362296
17797948
10698774
20957048
8045998
2442054
24383840
55581896
45627744
9906748
54276996
47028012
23333536
7222454
30773260
8087339
33717880
10424533
25798844
57012864
33617600
15929831
3938513
33309384
46040744
12136701
18757384
12640978
17517156
51235372
3543523
51185024
38982092
11803518
34507452
23807524
2389253
17938752
13490718
45881520
37064856
15034248
12451055
50161736
4431739
22748624
26693200
55550788
54527088
59069676
3708887
42007344
53279904
58440968
24210700
24486168
29988604
35465248
16022746
57035376
20708592
53218916
687317
12632382
32537820
17829464
36157812
55174216
52710136
42118680
50887452
16149224
46585132
30042224
11910349
4953617
9223600
6202439
57408264
8528991
60835876
15601560
37286704
12728981
52687216
57656720
27018196
43552512
22562384
48422960
25669500
23405984
23158760
33384696
42575068
55327712
49127396
44808704
16750100
50264064
46516776
57991128
17898232
53217280
8021030
31945540
8993974
55269588
31584116
59553896
58025920
27474996
19046360
31850580
39198212
32959008
22288964
52505480
61036032
32580392
42017168
4379756
53589756
5222537
20215368
52521032
49829780
59122480
32126460
37240044
45369876
44798060
18742240
61088832
21394608
16561815
46225756
50779804
13849688
30240740
10305831
20846124
36597828
3711752
33579532
2437961
2264821
27906004
9113085
40118760
43524680
51260748
8800777
18246560
41061416
42922576
2279965
1823169
58915364
45547928
32955324
27503236
11318478
27264196
6114027
6750513
42589392
53404336
21123232
5002325
14563125
31451088
40444988
45824624
57280556
9302598
24407580
54821796
26792664
39728276
41308232
60162552
31780588
45338356
57207700
20356992
37839692
44653980
39609572
21828072
35533604
60892768
11876376
31557100
52333976
24285604
31184216
24609372
9793777
642702
28760656
19975920
30468732
21491616
6464401
58982084
4685924
5340420
15657227
44704328
22712604
43610636
60478952
31022124
15220487
42963096
48416004
14500500
10952141
55564296
24630660
18186388
45111188
32311060
37626848
56177040
61021704
51756020
34348636
48461436
1594771
18488056
60638992
11198140
56667812
14814445
35088680
18782352
57490944
19203948
42004480
31598440
9819973
26386212
56032552
44304424
57276056
60389720
19535084
28170420
55272864
44904072
11125281
16901956
37904772
55104224
22342992
8173705
39595248
27423420
3500136
60331596
9570700
42565244
25320356
43316336
24839408
49872760
56466836
8557234
8366902
18010792
17267064
19774124
32570156
17868352
38639084
3797709
1913628
28108616
40878860
16019062
24363376
17551540
18396776
29804000
25250364
16240911
58486812
13931960
31586164
44277412
18595296
26401768
53545548
9295230
23135428
43521812
1974616
12243532
6076779
11016403
38986596
22607000
1085172
47700520
31228828
26024788
43900840
12450646
15137395
57533516
31300052
11155161
6888453
1170310
44995352
7150415
6662101
38004644
40733964
3310213
37395176
25673184
7500789
22530460
33774776
54172620
18255156
49724176
11336898
59816680
59771652
5579461
10520722
55779596
16737820
35112828
694276
48648084
50173196
41264848
15642901
42956548
43836576
23886932
5398543
34075212
57522052
48938292
28828600
13392891
47410724
42818200
13031875
2825993
48738952
11809248
49675468
