x
38606500
28739416
37217060
9424192
8736303
30932274
16449971
28409602
14591274
8200899
34806188
19861462
19726370
11875745
29475130
27605564
21295934
36451840
15974815
41365508
31338486
25307116
10773882
26997180
22708978
39358676
24951526
13152143
16039101
11135994
22201836
20506184
39666440
28665814
23877924
819841
33331964
21292208
30653392
18427922
32123268
12432578
30924200
29705254
13298106
15007734
30599044
10087546
31058050
32060534
20868606
29723578
4816737
36224512
23743762
24690036
18249660
8451521
3789717
12684131
31512088
24101216
32612398
24527614
32113020
23804320
21824818
4596240
12185373
27497490
29955254
24907426
41482588
16616430
2153381
2251829
42177620
21537860
30382894
29403080
13647175
37927928
10353074
10043757
28900906
21154630
6770774
18499040
12463013
46322340
23478234
22390656
29839416
39331036
36842836
1818909
34856500
3821084
26149042
32179480
31943454
18560220
44425448
13281647
1454623
26041900
24448420
13585063
19415810
16948728
10922329
30576062
20375748
43928552
6534439
11902764
26695936
6890961
4913320
658660
31454944
20720780
41067680
27654012
24127924
38334760
17841896
4118289
24162086
26415812
4883507
18716432
30585690
22173886
33491902
11150900
13111771
29082274
20160842
46448428
22906184
14431336
19300904
1154002
32540348
725431
34248112
11260528
3120152
23014258
31309914
12246864
43164576
34765504
25137862
34039108
46244080
16059287
40245320
18621710
43775756
7225122
6104625
776362
30215192
1790338
4706799
26989726
28088484
16521089
12373572
21781960
12548727
22711152
26993142
18339102
30836000
26943764
35874512
46400600
5872327
22895004
30749976
40000288
29849664
24415502
662698
14235995
24160532
16768915
15962393
11467671
5166116
36054948
969841
35201528
12572640
27730098
6955247
23766744
12363944
6582265
30480720
37329792
24833824
23377924
10395931
13311460
43553396
9078540
38409296
32365504
41778552
339095
39136624
23589724
9377608
14647796
35733208
15085063
9836614
1512698
9074502
25872644
18499972
25047800
30804944
17024194
41463332
24644694
5101519
9964875
24171092
30301528
23382892
15054007
2768289
35203704
36989420
42037556
4364252
45017372
7150588
10581024
40167680
43720168
21758978
33022336
16886928
25494384
43820168
10370155
10889099
36492836
658971
22231028
12347485
34478236
15981958
26442520
27300284
23491898
29220472
9034440
33007740
32162088
3478537
21786618
37585692
12203696
19767364
7058042
25650594
26322644
17790344
31593454
22073576
3183195
35281032
4898103
39730104
4249034
28164260
17791896
39190972
33140038
45148740
4516115
9221086
4519531
10097173
26356186
38174200
43800292
19054008
28936932
40318612
40886624
34804324
34478860
17271400
10370776
9167359
2522015
32876064
39332588
13204938
36254948
3205245
29905566
15897796
7049035
12477298
3549966
29798732
31875442
389406
13948106
20662394
30655566
44852464
17577922
26345316
42242528
26398422
33131032
40018612
732573
45359296
14845622
17158666
3432264
18235686
27353080
1490027
26636620
5444687
45986004
33543144
18923574
6240961
42502464
351828
6995930
43354016
3309904
24718918
4419842
43819856
6249967
31304944
33939728
5710836
35334760
17178852
760524
7479160
30609602
12092205
11603075
29452148
44864268
29394384
12078851
31420784
5511768
38193144
12872019
12551522
30381342
43785696
45115820
41555260
37480412
11219534
41545012
8973260
8128539
27051838
4852140
20133202
25539726
28424198
34785072
3751829
45240664
6382576
32194386
23213638
20562704
41708676
32769542
14844691
29163018
42259608
41935072
45264576
14693138
16847176
32653702
23530408
13088789
33153392
31073268
30531964
33597804
26155254
27287242
791269
41722960
45682900
32486932
1598102
10785994
5752141
41668612
18625748
36548424
28567676
39081656
27308360
32892522
25138172
3967357
14884753
32063330
44377000
32916436
20621400
3838786
17243760
44579484
32078548
18548418
41291596
24533824
22337240
42162092
26342832
5545619
30023888
4121395
29554322
7386924
34907120
32933206
6554004
10207111
3430711
25439726
5457731
23917676
38530724
45984452
38215816
8837856
14958355
33164572
31379478
42590352
812698
29715504
5239097
14729784
38045940
38576064
21919538
32729480
39864264
43957744
30440970
23262706
22264258
10734441
40376376
25998732
43933520
33433206
1104313
29931962
30169852
2750587
23490656
13431647
196548
41593456
17510530
39194388
772325
27971092
29480720
22863948
13708355
7472328
28478856
27707738
30665504
28153702
42924512
36937864
22019228
43483520
33636624
25514260
33128548
20363948
11441894
14646864
3348724
16183200
46367060
11872019
4435681
21658668
30847802
32539106
31887554
24347178
16073262
6768601
19323264
41078552
3794997
16765499
17362704
16004939
16940344
31092832
915182
29820782
24803700
38274824
41734140
39347492
21759290
7222949
7645309
5183817
46462092
46181656
6688166
29104634
2805245
26519228
24107426
39759916
15508355
45882280
12114565
16654940
25293762
1606176
30550286
12164255
15317051
46294080
3331332
23636930
4967047
28626682
2868289
30725130
28949044
44351224
32102150
30013640
18629164
27602770
22805562
30187552
11945621
27858360
45150600
933195
33628860
33168920
31601840
34770784
13290963
24954322
17106182
5070774
28937242
28181030
44667372
37252152
6330712
3406798
17889722
581642
28008360
45295632
21859290
36372336
31787864
14918604
24435688
449965
24398420
11959286
21323886
29473578
14276367
23545314
23347178
11535683
38849048
12119534
44836316
8929471
18948108
16271710
26339726
27365192
39418924
14385374
18549660
1445928
23019538
4679469
1662077
44388800
25763638
7704626
22078854
25932894
41015816
21915810
30750286
29249664
31090658
11593758
42519236
26443142
45607744
31174200
46548740
40285384
30691590
4813010
30137242
43914264
17283822
4067357
24409912
23235998
26480098
29574198
23595004
1056487
21510532
28986000
43411780
32892834
26939104
24404010
5164563
39482896
3901829
44351532
14356181
46430416
19965190
9811459
28427304
19212394
46484764
336300
14534753
14029783
27083826
4843134
16704319
11791584
35571716
32931964
8150278
3183506
38343456
29720472
17287238
34854636
29114260
13133510
31343144
21558046
32227306
40486624
33035070
43394388
21647488
44525136
41726688
5358041
63319
28592832
11961149
32875752
22936618
34704636
6361147
26061154
15056802
12455870
44452776
45783520
21225128
45403088
41694388
11944068
30152150
1576984
17652144
21357116
45844080
12383510
10691584
4742513
1087232
21776060
45434764
18756804
19766432
19768606
32591592
4877606
7424812
21203388
167977
3741270
9890341
27054632
31346870
27930098
34863952
32874820
10636304
20822332
26767054
43483208
29308050
24852148
18291586
21661774
27364882
1293133
8019533
7558352
39748424
30640658
42396252
12777299
6661768
35330724
42299980
22000284
9175123
11854627
12409286
31417678
4878538
544685
32950908
36111156
27820472
14316429
11560217
31598112
14535063
35671404
12404317
21503700
18230096
34278548
16935374
10959596
11167050
8254936
22568916
23788482
45063644
26227304
25632582
32610846
5097171
26870160
4693755
27170782
32656808
17246244
24976682
1076052
33014572
28235688
1460835
11964255
6924501
33921404
46049980
36081964
7480713
38466436
1934127
18868604
32508050
16551213
34391280
36474512
34942212
35718300
23071090
23200284
37322960
9030713
31326684
45593460
30755566
17170158
25664880
30545938
4663631
21906184
11129782
28019540
33113020
29835068
25094072
43756812
21738792
27094384
35334140
4131022
12221398
25724198
27581340
12965187
42960540
4317358
34171404
301828
15500591
8745310
1717667
25875750
1743754
42710848
46501844
18189102
44290044
27497180
11789099
11280404
21618606
46503396
8036303
22615190
26485688
16811462
31633206
23876370
38372648
24331340
43713644
44861472
11485683
31537242
27166744
12241584
7688166
3868599
28167366
29087864
30367988
32030410
2332885
45378240
4607109
36420476
1968288
25949664
33325132
25288172
30013018
7535682
43040664
12139100
5130091
42965820
15517672
17707114
27862396
28618608
15922020
20891898
6624501
14353075
25103080
45391904
9616738
43325136
39883208
17599040
33072336
8028849
15009597
13104007
9169223
45955260
45933832
29523888
5072016
13766119
14995622
21925128
14078541
3667978
41682588
8588167
30530100
9612391
32100598
3449034
23599352
14748728
5419842
45249048
10199968
33139418
8823570
39233520
2957108
29483826
6893135
37998736
46095324
21858358
22140966
19387860
27306806
4247792
21853700
38647804
19581648
12017050
38154636
34723888
6664563
44639112
6071706
38524824
14572020
39506812
32590970
24882272
15476057
44883520
517045
10141894
19030096
32613020
42136624
18277922
32423890
21116432
29136932
46533212
11804317
42239420
10974192
9595310
18071710
26380720
22250594
325120
39185384
46072964
3391891
23913948
18760530
5560526
12236305
38232896
27550596
16298728
37996872
28976994
11238168
527294
32999044
19947488
32546870
31938174
8075433
6369843
4550587
22963948
563940
41979172
28681962
25286620
