x
32091320
21511494
16278120
4371220
27137280
27294522
6333273
18522746
32189828
19097140
16707297
11026014
31603870
16989870
16371308
30498092
28794330
22022530
8892845
12719600
1210429
13554138
15405659
3852553
1241415
33513202
12883548
211251
29332190
15181821
17604962
26847308
9201085
20128462
14819934
25705686
31056994
14880749
12182203
17530966
640428
9417986
652452
20279228
22947714
15818881
31383270
91007
27997022
28620902
27635598
20812462
24862132
25714936
10948781
13657732
25389354
4523606
24593896
3377822
18120622
25122968
15817031
2315053
23001128
11615440
7148155
2116188
8773989
17503912
19432666
13608479
16716547
8688893
25343800
33576560
34374100
25869404
13238267
28845666
12365806
17314066
30389410
22601550
12894647
262585
216569
31506288
15169565
34603256
14697840
22238506
18405970
3269834
3499684
2737987
24407980
24705814
702400
20460982
34578744
862879
25360448
4358964
5082276
6607752
5226106
19183392
26102260
6602434
28992964
11611740
14474927
10651178
9348615
7846031
30168346
2279211
3358860
7177060
12254118
32481880
29616844
31811984
11133077
29637192
8070563
26527738
10764715
13001479
1066831
10746910
26093704
25451788
31767818
433701
34389824
15551570
32576688
19393124
9635581
8496272
28124204
29489432
8202831
18758146
23318156
30464794
1228235
26685672
13384178
9017020
22567096
6210254
13692880
2436221
15513416
28264564
30908538
12434253
30215288
19808890
12560740
5675864
2174691
21206954
34249232
9880462
13766183
20552088
21823204
8493266
1849802
31639482
15081232
363405
273454
17419740
11588847
19112864
29148818
32813014
3716585
29811084
28350354
14329941
2676246
21652088
15454913
25384960
22471132
32691844
26854246
31869794
26377432
30560526
8809368
10789689
24160324
14977407
26841990
15947218
3723985
13297695
25091288
29865424
22056060
20519022
20303740
15336288
8684731
18262140
24571696
713499
14507763
24996480
32688608
23163226
19894448
21125790
18059114
8062470
6951141
16491783
16677930
20277148
33776120
28336480
16087811
29702634
27160174
29812472
1407906
24692172
11111803
30685394
26714578
21122090
813625
12301060
6690998
25831018
12073522
13149703
947743
24977056
33017428
25834948
24620950
29345834
4098590
33989552
11765050
16689492
24169574
16856676
2647573
17108958
32921926
20358774
26456516
31468366
26659312
11776150
6256040
22024380
33699812
13576568
14641418
16285750
29780330
10550589
12116763
16068849
10129274
16707528
3770001
3722135
6202855
22301404
22958118
29029268
28141316
33431112
19695816
25022380
24597596
7632367
15669270
15718062
1188231
20248242
4303698
21439580
7353726
30673138
32107044
25892296
22527786
11385589
6342060
31843202
12985755
21191692
9213803
22317590
32129244
16428887
34390520
5306808
16633070
25792632
11504677
9644599
21729090
33786756
7079478
12338520
25494798
6359634
32431008
12394017
3665250
11492652
18617784
20939874
14159056
33762012
5534577
12356326
30303390
2406623
30652558
29142344
8069407
7020281
1888650
32284636
8752021
2135843
24999486
24558054
10580881
10245355
16841416
1964034
26306906
2265337
27682308
17542528
18593736
18242022
9586096
31488946
8248154
23012690
22542122
21913386
21573004
20503760
12136187
7359044
25960512
18131954
25445544
25384266
4405674
24129800
5456650
22763186
24455846
10055740
18253122
1073999
15493761
24108064
31961596
7406679
18060732
22799028
9203860
19169056
29519724
1849340
34419424
12067047
6617927
19208828
6397095
27900366
25188176
7355576
15145517
18062120
29493362
7797471
2906790
1459935
4802478
17563570
16023295
5173846
15124936
33595060
1343160
26638270
16500570
26109428
4092116
30247892
3843997
168009
4804560
26160070
24490532
7468420
2395061
31760188
26065030
17712488
10827843
29076904
3819717
34374332
25808126
4584190
29961388
2777066
16748226
23198606
9714202
25095450
10258998
2466976
29024412
10782983
29812240
19958502
33251210
13742828
745872
8125366
31255858
5688119
20823330
5408553
2304878
17685896
8936780
965086
20540526
12381531
19072398
19477758
29442722
29125694
5068402
8699299
32378056
34009900
17081440
14591702
17817470
20933168
13133516
32303828
21825746
12015943
2257706
20788876
19210910
10904152
29520650
22661672
13573330
10066840
13940305
18361804
13677850
18947298
22990954
23350530
19336240
4198716
11128915
25401146
27193934
6382758
9853638
4134663
32682596
10498561
15874610
15967798
26593872
12164861
13596223
8179938
2890372
21238866
1198867
12535072
31990732
16060525
32235150
1336685
8675019
31066242
13463955
2158505
29574296
24797848
1311249
27967424
11106947
8109411
27064440
30796620
7057279
654534
32778328
26134170
6940735
28422962
20953286
3592411
30897670
24639912
34612736
26340434
30169734
18948454
14068179
25485318
20924150
2887598
2597857
34267268
11199674
8862090
7794927
17029412
29334966
8203987
10433583
31876732
13010729
27653404
3354929
29597420
34006432
15200551
14439547
10214832
10339007
4807334
2085896
12199315
28918736
4437123
16134058
12230763
29285712
25772746
19541580
9524587
27393954
17852850
34188880
28869484
3905507
25535034
8957823
32468470
14619682
34441160
31572422
21784586
19758250
32232606
14058467
19886124
28007660
11969927
21700648
26624626
19860226
32238850
6863039
26531438
20995140
8709011
32555646
26973332
3052008
23753808
7318577
11226035
3064032
12411591
27619412
18662644
5415952
17512930
5468212
17869960
21472184
9899655
12403036
31587452
1986926
18131260
26561498
3919612
17088608
7562765
24018806
7585195
5104013
30948774
10101988
14196285
421215
26847076
5860160
10269866
2831638
7066066
22613574
12497612
13092124
21590810
12138731
5905945
33177906
30840324
24973126
14366939
13044258
12197003
32992686
17022936
30762396
32214802
2162436
22137456
3366954
22008888
17150118
19884506
32903428
30061514
25514916
22980780
24990930
3295964
24036844
14275369
25167366
31563172
1327667
8265034
389304
7170354
13608247
22397366
20815006
30307088
23778088
13595298
13309488
17706476
31015370
31924598
32876372
14288549
31258170
14381969
11753951
26327948
96094
8833879
3419213
27069528
9793054
10417859
25115106
34020308
19727726
25028160
12270074
19446772
5029785
34620600
25822462
34651356
17235906
14338265
14590314
26300430
27691788
30435194
26110584
13920650
2112951
20181878
17030798
20560644
9052630
13263934
15241018
3510090
13881339
5288309
24219984
18316482
20640652
6091861
3799137
26868582
6919230
16746607
28054832
2981943
18868678
17328402
5424971
26951828
8528414
27533160
34261488
25033710
436707
15284722
664939
13927587
27450838
20450112
684594
1165107
27165260
13748609
712343
25673776
1533469
18932498
4740275
26651218
2275511
18133572
28602172
14247620
23993602
24905836
17063404
32395398
26832740
22997660
7459864
33154552
13667213
29734312
6396632
9545861
32411354
576144
11313443
1269857
30002780
31722728
32477718
12247644
5130836
5936931
11292863
26740708
7080865
5061927
26388764
15513647
2059766
6398945
12109595
18566450
15509485
296577
12597738
5205295
32003682
21628502
9952839
13264628
2626993
8799425
17524954
13430425
26439404
20819168
2676940
30583418
21388014
21359108
19008576
10230787
32426616
32408578
33999728
24703502
1796849
5659446
28394984
14996368
20413114
386066
2107401
25926750
13613335
34114884
4864913
19737670
26394776
13521764
14768830
3231679
23545694
6363565
9822652
15304608
27066522
19302942
1158170
12609300
16857832
19797328
13796475
2048204
5885134
25426352
19244438
30440744
24480588
16622895
34144480
24759692
25442770
34385432
28558930
17929158
8765664
10572094
30644928
922769
18402040
6090936
2918352
2030399
11571504
10549433
5874728
23215486
14316298
23880988
11980102
5773677
23113742
6486584
7455008
24043780
272529
25149098
5335019
24551116
28527020
6879457
20633254
15516885
22296084
17419278
3443956
2850368
22999972
25871022
719280
24632280
13938224
6946978
26665324
34063548
12128788
232987
5248767
24561522
21024970
22367074
23186120
17988818
28083968
23910588
7261693
17333952
18197626
7766948
24738650
5863860
31669774
27015650
17365862
2609187
16846964
4305779
4425329
20380742
12289267
14750100
10721936
24230158
12094796
22683408
23063100
458675
8072644
9493138
20631866
4001470
4057661
2743074
20547696
1046944
20420514
26923848
9548867
13577724
9707265
32310302
15748816
16159726
11543756
18858040
32384992
8921981
30985310
148123
3587786
206395
13014429
7301003
417283
7903147
16159495
19566322
308370
26185274
22104158
33182532
12330658
13204044
24589502
14359539
5755641
4703971
22915108
32306602
11248928
13301626
28906944
30278646
22193184
1236559
26991832
18208030
10306633
911670
20814312
24176280
23151202
13067613
31464434
6639894
26680586
24543716
9188367
29760442
11738227
27589582
34226800
13549513
28674550
31081968
10901146
11340035
6862345
28815836
10200495
15590881
12426391
7324821
27831456
5808826
5360455
7757236
