x
59858980
33701976
33794172
55039304
31012760
54215136
26039424
48619984
51400600
37113188
57639520
22423468
54426268
3399396
12196224
59546076
35807292
32151824
20149728
16146236
30235288
45925580
28931392
33688408
11377246
47988592
8830912
22172028
18366096
13704868
11304608
55049680
25686212
25023684
3054164
2604364
58547896
31778256
3997664
54915180
38505688
16874616
37502320
44107624
21746176
21256468
53496336
4285025
31946684
11987888
42858804
3101658
36506936
52351284
21210968
33861620
33579048
9749268
49748276
11719684
57496236
11056360
24369940
23560940
44672768
46656356
43783944
27967136
54950700
12692720
31850896
4747995
27783544
7453975
39552160
41259960
31051472
10957780
8539560
36065916
15148456
18668624
11495783
14007794
40798588
24980580
687828
5129147
29328508
19190664
30178616
5548614
46518260
28328732
26184700
56458944
24603420
17883968
37661964
25307852
52606716
40104532
34423172
29188020
17993328
37765336
20072700
16932884
36147736
50245568
55050480
55619612
24241824
16204107
57746880
55513048
43966340
44976492
8920313
34976340
34687784
28761368
44106428
36678552
54526444
36705692
14158658
202907
52145740
13188018
47492096
53632036
40728744
7056858
8148430
40105728
38719612
23630784
34144192
16256391
25428384
33227032
56561116
59141376
24539560
34604368
34495412
32434396
31844112
28716268
28394584
33739092
49225836
22425464
32705396
31676484
13607085
51206632
30374580
15118922
32567300
41430380
24687232
8293307
7905371
56065420
41071180
2256738
24518808
32237636
2024854
13080656
3824849
42756232
8397875
7521824
54400324
30881052
47479724
17328008
47540388
13663759
28357868
33763440
41697388
16110715
58557876
58557076
51461664
32672268
25397252
14478746
14095199
39440408
14296352
37071280
25764436
49848452
5481563
4342897
14640386
16245216
41727320
28064120
50682196
18411596
40027900
53163076
14862293
56988964
13581941
57610384
56549944
40915924
26634100
35847604
17978560
25320624
6260231
54394340
37128752
10708335
5701873
2127825
44571792
53762144
23269988
5464401
23526616
19937400
30333872
10774587
51845208
10380664
17968580
45220348
11656226
53235316
26226608
34652660
59428736
32580872
35543876
36171280
20436292
18485432
29872896
2927246
59451884
38154468
2845029
59259912
27806292
32386904
58420180
21195404
44972900
27191264
41722932
31858876
3377444
9356542
53063700
57830292
12270858
24907544
23711804
6587902
20937576
30283184
26044612
55306708
33995724
14455997
41859824
9432772
16512222
35844408
35280464
47678480
44490772
34950000
27899288
1587028
2054388
3522322
49002732
25110692
4077886
6680895
18334168
42113260
9849046
8563506
30579724
55982404
31098168
37804448
50180512
30669124
28177068
59347716
39151852
29838972
5870697
47964244
46235292
26581420
35616916
56222672
11075917
29031968
8395081
47406284
6030342
2278689
45073476
5473581
54943116
58110868
40230652
1106098
37230128
44683144
3954960
32839496
57667056
15844507
59341332
58896320
3293631
38051500
17010312
39662712
3182279
38104180
11809086
6515263
45806644
2249953
10472459
39534200
48148632
12830812
22852116
52645428
43689756
19398200
39247636
26860796
57986744
27650240
56319656
20860948
14285576
4970301
20910036
27346916
26622928
127076
42666032
42784168
26023060
44057336
12134362
49794972
9714546
51266896
11649042
51669200
15989385
46425668
46151080
24326036
25857428
36877
12567398
35213412
23362180
46444424
7113532
34089116
33433772
48575684
35094476
42448916
53694696
35165920
53564184
16843884
43605540
42359116
16122688
56514420
7891002
57102712
50611556
47769080
44630860
42189092
11446692
2841038
11582390
22722804
30786864
35343524
3088088
20226756
15393112
7205328
29467400
34835452
6961870
19280860
13514890
48940472
37776512
53011016
26587404
25232020
46154672
37771324
51178692
54776288
25312640
59052772
3185472
34477052
13819812
7564928
9073572
30622028
39683468
50880556
38230700
26276100
46904204
17383084
27153744
33073776
38029548
38727196
54072652
59655032
49881976
37683516
38827772
52370040
32344996
4152520
57647900
52688136
49911512
14695464
28149928
3079308
37667552
6732380
59423148
30188592
44538664
21200988
43129400
568494
10517160
25954416
40543952
19195452
16458741
53339884
59513348
32611604
32054044
45413920
1481263
44705496
48825928
5414113
46001812
20447468
6525640
13947927
26855608
16676257
39114336
608405
26808512
20486580
11769573
15972223
3312788
29083052
47219900
13881674
57586036
19250528
53060904
41659872
53590128
27204032
10401817
19806492
18946008
30976440
5945331
22227504
24650916
52775140
35168312
26852816
57663864
24824928
32316660
20769152
4466222
53629640
23732160
15487302
20115004
27184476
42090912
13661764
54623828
53218556
18546096
40306480
36407956
49589828
51889512
35145164
26082528
23307104
27290244
47524820
9251975
31711604
10368291
39964840
13261454
20491768
39963644
5689101
18234788
14177416
1795763
13490545
57779608
5258060
11878930
54976244
40821336
15821359
39792824
35889508
29656180
47300920
58428960
36937176
8791000
706187
4528484
33832884
49396656
305479
21166668
1625742
37598508
51580600
30815996
14153470
23436816
57350560
54005204
52579976
51233768
53173456
28030596
17198296
40005952
8848073
47184780
42082132
7938497
24660092
50275900
22799036
21717840
39135088
55072828
5598902
24135660
12286024
168184
13025579
52010044
29035960
58079340
35003080
40306880
2198467
11681370
713372
20429904
50513372
35107248
17722328
24931488
16597233
4061123
49116880
7956058
50258340
55843116
28306780
38389148
34947204
7322667
11575206
42732284
33057012
44413744
29949128
59033216
31284956
41803152
9848248
40997744
52323744
22538812
985167
28974096
5091631
55434824
42849624
16572488
39695044
44029400
32540160
47360788
14450409
45087044
48341004
51414968
54882452
21902228
7366968
10946205
53322324
56852468
23624400
16585259
53147912
12907841
55310300
54958284
53169064
34330576
32765260
15048279
17943436
29170460
14392139
35322768
4550834
47780652
21435268
9635921
6554376
26036232
18415588
8967009
31779852
40165196
28136360
51540288
31393112
25282308
56822536
20094252
38286176
41076768
42238584
41000140
26694768
48377324
39333048
21699880
6311317
20773540
14653158
52306984
35820464
49711156
40567500
22414688
13341676
48143844
18307028
30237684
12048154
43219600
14132317
16383308
21443252
45837376
57375704
41177744
43067540
27830240
11457069
31533204
19287248
53918596
29524472
55430832
58544304
23874244
9317828
23295132
58583020
4797086
38470168
33325216
49636924
7809983
36348088
41080760
21229328
35773368
9976363
28910636
16599228
45864516
47642960
46743360
43977912
19028624
1454123
24004352
12502742
52614696
59782352
44537868
4300192
45960700
17275724
35017048
19242148
44177468
57712556
21030168
7323864
9409624
18963968
58154372
10258136
9903326
55048484
37159884
25253972
8283330
250402
10078536
25433172
40984172
30339856
19269688
26968556
58049408
30321100
27035208
26783768
31812180
36923608
44156716
38854512
37392964
44311572
18323392
14738568
54564760
18448316
12915823
19243744
15327657
1606983
3350305
32909740
27543280
40586260
54372388
25866212
13777905
29467796
37217356
14078037
52186052
603616
22274204
44248512
4896066
58682000
51373460
29195204
56750296
30443628
16870224
27588776
32687436
24682444
43941596
15332846
34282684
40241028
52900860
16506634
33884768
21848748
21024184
50433552
1124457
16444373
52260288
28495960
56347592
56967812
10318003
16045261
56671672
11212812
7183377
19487204
55875840
49693596
51810488
54656952
13972672
44634452
6251849
40498852
8075791
54341656
3739439
17207076
37790880
47138480
25086344
8441378
49479272
13038750
52586760
53407336
52393988
54294960
57072380
49119672
5310743
35990484
3817266
53911412
54914780
51397804
32736124
21290392
44190640
47179588
54059084
49519984
37015804
24555924
8183152
23192160
53482368
49215860
26472460
32050452
5199391
19816868
10000709
30477948
22233492
12993650
1316031
20141348
24767056
8906743
45637020
41216856
30449612
21201788
34172128
50733684
25404040
20877308
18707736
50572440
39040100
41377300
37255272
17742684
28406160
23653932
42713528
36847776
41893752
22438636
6688079
54353628
6077038
20662588
11112236
16143841
30258440
32140652
55317884
4650213
6905994
44708288
48344996
16617986
41293088
52567604
39093180
41973572
6896016
6549587
23314688
50958384
21052920
14359811
38182808
17492040
24847676
33528764
53231724
5231320
40583068
28675160
47265400
9727716
37500724
13322119
17824504
58140404
38525644
27120220
5606485
30519060
18752436
24849272
41182532
30516264
30808416
19709508
52105432
14378569
56772248
56528392
3122412
41122664
57877388
8399471
53122768
11529308
43517736
51913456
52651416
31193160
38364404
9360134
4396777
18085920
20761168
37179440
12430104
14916572
44035784
10070154
77985
33628540
9809933
28665584
17496032
15654131
17966984
47779856
13455822
28315160
36801080
41738496
1411818
45977064
52976692
30296352
5209768
29687708
16603219
527385
11142568
16260781
