x
29040820
33489402
865154
48972736
32211696
28501926
22315594
36068048
30848916
24930232
38469352
11831519
46039408
30655542
14795605
3602819
317097
6697129
16024233
45581000
7130339
32942328
18423576
39992136
3159793
42378064
31191820
42898632
33660528
12453850
23274612
10089190
39955488
6079707
33993288
9750868
13212621
21319276
16886726
18275682
40808168
40507144
19756906
31206870
18951346
22767454
7738600
6817211
58938
48476376
30395092
584745
6658520
11437246
18417032
41765872
2648055
8727393
44514664
43055032
10832911
33608832
45571512
18273064
23180378
1292801
48113184
11472256
47419200
12854013
1028098
6824736
8573282
45472048
19283452
36923016
24685162
45521128
24983238
4406744
43963008
5394554
11487961
5178277
29872884
45098056
25642542
4574269
1584007
8294182
40874912
22886228
13439042
30161800
26975220
9678557
42857736
41388944
17397482
19097604
42111064
30317874
21995268
18146112
41453400
17136052
34371528
48448888
534029
43084152
37301256
15995767
40724072
48755152
33898072
10139252
22347988
15056054
42055448
38298888
42422888
16068078
27217674
3517420
27470270
21494654
7407476
22406882
923068
31587728
44062800
16776788
2861388
33634680
36111240
37399416
28172764
24430274
47448320
28043848
3970589
21798622
32246706
19656784
32797052
25789454
35491200
4254270
4257542
24438128
21645166
6767804
29930472
37824776
44902720
35187232
21572528
12210087
7275615
47722840
6448786
6312999
33666088
1038241
554643
19595926
6239052
26320496
39157128
4205844
7179419
20414574
6120279
592598
8806902
14282886
36633448
7666617
14667998
2380407
34027320
17175970
43611600
32230672
27289656
22396740
10406572
20520586
13220474
46372824
22459234
26693502
46279568
15735645
24205490
18462840
15162721
22339152
38989272
37716472
37783224
7619500
10655897
35699952
38016184
21352978
44638672
23629948
44179944
47928976
12623011
17908566
44027464
20754860
3077012
21799604
17715192
4377951
27591334
25289824
31548792
31303720
48874248
37395488
12824238
11701949
13384728
44242104
34320160
23681972
1111206
18003454
36641304
15928037
5542448
47365864
4105722
149245
22720338
44448568
12175404
16230695
8851728
25284588
391698
691739
21616700
47718912
47867136
45012328
45436056
14410493
5387356
35339376
35023304
36040568
1063108
1779672
43752944
1275787
6760933
44496344
42242272
15445420
18790036
47917848
32520898
32435826
21703734
13622273
10440928
34283512
30476892
48480304
27410066
28275504
35379952
16692698
1670715
3374107
22384960
16055644
10546286
32987808
40908944
8892300
24285654
8425389
16531717
36304616
26235098
10615324
21698172
10709557
14858427
11020068
38210872
22461198
43665912
24597472
47720552
46742552
10591112
39228784
39963016
34373168
324623
43891024
37256432
7509562
11534423
17123290
44800304
24043200
8960685
17906602
35789928
44693968
48397192
7408130
1225726
31313536
45240712
17414496
9964855
46678752
17811716
29318938
32783964
33413166
43651840
16231677
10812952
15257281
13167468
47178712
1883394
6695166
21604920
39120808
4514392
48567336
8143671
10400355
38207272
24904712
42711472
35787312
7394715
35340688
28369410
36061176
38208576
10243955
12769595
44678264
28887038
4212061
2707278
29885318
411657
16949222
38164080
43082192
11820067
28454482
33810712
16116503
13547345
10056798
26381682
22454654
689448
15951595
17113802
12708737
42372824
37805800
24589948
5346784
28980288
14054829
23722872
9697207
42059696
3389486
48377888
11488288
9411891
13173685
1984170
25749864
44556544
28824870
10320519
33984784
32688096
34879992
32051040
3003392
37663136
33748872
15223253
33733816
8017046
20609258
7346290
1401431
46250120
16126973
24145612
1743353
33072552
29549286
28176690
277506
8251974
38632624
23277230
37644488
34034512
36002936
36350424
7413038
7451975
13348409
27273952
40199248
29835256
24921398
9699170
29524418
21912486
28699552
10530580
30372188
7883549
15943415
31909038
48537888
8355695
48969792
23738906
11342685
4026540
34443512
30707894
26032890
39514424
11268739
42231480
44917768
39495120
6855166
38884240
10060397
8476105
3007318
16403455
19850486
33559752
19650568
7741545
23887126
17121982
25814322
7316842
14272088
9306860
39142728
12656058
3122819
24025858
13812375
2082657
34648008
31673128
1502535
34299544
23142424
31231738
22101934
5410260
3939505
35850464
48319320
9192668
45475320
45059448
44296752
47303696
13457
19043288
35837048
7486658
10312666
33310426
28680576
24593220
3781141
44672704
48537232
30274030
33344128
14910124
10681418
10110458
10507022
5344166
32390346
35904448
39911320
29422332
25797308
22316248
46774944
46639160
1572883
49048320
6384982
10097043
33758688
42296920
43853400
44732904
34630344
9939661
32287606
38579944
24617104
807567
29764910
11922807
25244016
14362395
47030488
14742926
1676932
11418268
22140216
19637152
42622480
8984570
12231355
4698604
19655476
22241974
19446068
46366280
11361663
48237848
22848600
38814224
24232320
42744192
23913628
41080064
46205952
33120650
43490864
33586904
31636808
45997528
19826600
38085880
25901356
151208
35077952
42382968
21263654
46181408
16386441
33102000
21000914
49033592
2716767
17742022
44176672
48364144
5530342
34057744
1755132
1539509
31524580
26859064
19787664
29888262
35311896
41459944
2933372
35187888
38772992
28259144
25770804
22956902
10629067
334111
4654106
38034184
2224007
18439936
16869058
3041674
43443416
6211568
16976052
10069231
24816040
47749344
36348784
2989650
1041186
30228876
36336352
23020706
6080688
47368160
6687641
32852676
1200531
44650776
30763518
23130972
36018968
46590736
5010097
35341016
12088697
3630303
17964844
20938746
206177
21916412
45516872
18789056
13510372
13117407
10342769
38663712
21419072
46035808
33115088
27730066
21300300
46061656
19048850
14510616
40083752
4801672
37879744
46100264
42379040
8404448
27537346
42953928
26752070
33301264
12854994
20970812
28526466
35953528
42102560
10105223
47460096
42265832
26267164
41891192
26239024
47500344
20683532
19565496
12196672
20528766
13073235
46398672
7158478
32553290
3900569
38548864
48248320
8506534
23485982
42115320
24812442
28079186
39955160
35012512
34491280
27574320
45543048
11415323
9363138
11444444
30946094
34949360
45721696
43886440
27312234
8532710
24301032
33045068
38766448
30556074
4223513
26459884
37386000
16671103
4465967
31211452
13770821
21503490
36454800
40443016
13321578
38442528
48716208
16737852
21636332
5062776
33795336
5195618
5448869
39896264
4345558
27742498
32039262
12469882
12230046
24093260
6697457
39630256
48230648
23596574
16191104
39176760
39814792
36534632
36114184
11779167
13430535
37452752
18079364
23198702
27018082
48114168
7507599
45355232
38221992
47351144
17889262
32612840
34869848
34075416
28529410
17127544
5189401
24735550
25345120
46622144
26494238
34152632
1881758
11509229
33007768
33127194
40919088
37853240
15568119
33263964
30919918
19168604
17225050
1154069
42737000
22499152
7890093
23910030
21848356
33259382
22286802
27929002
9672340
30866258
42240312
36695944
20828808
15732373
43262152
28306260
12817694
944008
14069226
1827115
4174106
27405158
38942480
10760600
6866945
14685339
729694
7046249
984581
42332256
20364840
32442042
27439186
10152012
43306648
9159948
25498902
30619878
13470126
12142030
24162954
1627525
31172188
41507384
44893232
13137366
34474272
33780936
14099001
47569712
41528656
38964080
11783748
13764604
8070379
24305940
16538261
10261951
2149733
4058932
6602896
15764438
38139216
28811454
12811804
24924670
33696192
40161624
5303593
31233700
30925808
1191370
43497408
40220192
8057291
3867849
29892190
16623987
3794229
9135408
1883066
37113448
18190284
2199794
5755127
29290800
14204686
4138769
3145723
16646563
7565840
31109692
31272638
24321318
26364014
41128168
23462750
27252684
47332488
6383019
10224650
25612440
9070950
13901046
38585512
15397976
48038256
31612596
48823864
37359824
33115416
44587304
41963504
41494624
44653072
26305772
415256
1039550
22751750
3782777
30003110
9855571
27806956
7672506
17841490
41186408
37135040
21972364
41268208
46879648
35760480
21586270
26667326
22468724
21707660
18841080
23113630
37646128
9557166
37229600
31325644
47896256
46868856
7700318
21075188
3938196
23601482
16495071
2484783
28643274
13381783
19469628
14288448
21418744
12044852
29711576
30118938
38854464
48396536
30847280
45654952
21948478
15556340
43984272
12647551
32147564
17709630
38789024
22953304
47587048
40810128
5880116
10248208
24498986
27730392
6831608
34262248
1854927
38955240
9078149
30204664
36783304
7766412
1540163
39907720
47604720
36630832
15040349
603722
26189618
38823056
18693840
48713920
47389096
48542800
12085097
5502203
47813472
13000924
24115182
9272831
24175714
28423070
18337850
6998479
12354381
7030544
22575716
16566073
44526112
44215608
33783880
35612920
17148812
32534966
15906769
23514120
6411158
48148520
34624128
15917894
18657850
32157380
32801960
18604188
40778720
15663661
