x
53502504
24750596
13207407
29639600
34312132
9564074
23032244
15303986
31801512
47241104
50718740
26088756
6541017
34994200
46232764
58866552
57407564
45772280
53750064
8889091
9439704
34591572
51357908
55401904
15400806
56391748
41494108
6805893
14559341
10727485
49430568
40863600
14514866
55648280
46029284
24942664
9853352
43008980
48216780
28657232
9998582
51590512
45825020
21175748
3578176
7358080
19682520
19893476
2212861
13791080
36659420
53633172
48064072
7875633
13210556
25838440
32967284
45808096
39001984
46060772
20682204
46644048
39245216
44401848
12523766
41891620
40725060
53154976
41161144
25290976
2265601
8677347
43693412
25027280
24278700
43026300
246949
13967796
15133961
36169812
40838804
24895432
18476208
56361440
18062952
52276516
24322388
24283424
34621092
43389568
2407288
27008544
15475979
13818237
13451031
32134868
37762220
44840292
54111760
40325188
42623276
57465816
52901908
48071944
52634276
780245
9084699
36795992
2079439
33891796
4495209
21309564
8726938
34929652
52417024
31221380
40802200
24688412
43660352
9352330
2918150
46811712
26943604
35640844
52539820
53206536
27496184
30228780
56653476
16913320
10947100
398870
50619168
15623570
26897948
56176068
40779372
53263996
2103447
7019605
52775176
33186504
45190572
14649863
4969468
17793748
56475184
10011570
56634976
24689200
55703776
31387864
13495505
20437792
45525508
23273112
41302436
52429224
46469300
3286143
53064060
52361920
33018840
26208404
31209572
19957236
5770001
14642385
10116655
33617080
10726698
33241604
14661277
48245116
55373960
34356608
34685636
58275008
29479808
37282056
26794436
29815920
17545400
39770640
5525197
57086016
50942292
50792736
5504731
41684204
39225536
43023152
48708356
30131176
34743492
48194344
5503550
12277781
28144404
27371028
4947034
45094936
41855016
24589624
28273104
25104420
13758020
15205592
53450948
49928048
13756052
11172226
11462685
51017072
56997068
33691072
37227352
27731540
17933860
38206568
43998824
46292980
20988796
48587528
31330796
49894592
52163952
35530644
5835728
19740768
41903428
41058420
56851048
46730244
38098728
46260312
19432204
41455932
17798864
52300132
26557112
34288520
20761312
41622808
47433564
12480866
50488108
40603444
31845984
1618562
9114217
13611216
24752172
35822284
36601564
11560685
22693768
5500008
45849812
9726621
4134693
10091466
52052176
20438972
36366600
3432947
22666220
10646408
44347140
40388160
36007660
9311792
20339004
19244864
53193548
36903436
38646192
41580696
50780928
40916340
21402448
55623880
42836988
17393480
8457338
46069036
45622720
4410590
55331060
52804696
58057360
48654828
6313923
9536917
30270892
54514784
39994188
57136784
30841580
554332
22128988
46037156
25851428
45235836
22783896
13651361
38441532
33155020
45294476
44449468
52820436
47809036
54276668
9088634
36559060
52851532
37260804
48021960
41584632
39364468
57379620
4505048
3209789
49086976
9648299
55485736
38774496
31703116
13771008
13508886
35196104
20714868
26222572
43428928
39314876
25245716
31916436
6507956
36810160
57980612
3898547
39917048
23986668
41581876
22822860
7812267
50839568
3358561
41447664
37471368
50390500
33887464
14805326
936888
8756850
36675556
10908530
52741724
17894504
27799632
15864832
50390104
29197220
17518244
33084568
13116097
13596654
53033756
12275419
53017620
34451852
18457712
25202028
26637796
26004924
33824100
37576060
53366720
40990332
45447972
22790984
291423
57463452
53924024
27661880
51795172
32826776
11831072
27860240
55461332
49683636
30518452
55652612
773160
40701444
7910268
44728516
23564752
24352692
44085020
10613348
57201332
42111236
35429888
58745332
13580517
6563450
7566676
23269964
55906072
6881460
40316136
25309868
9404676
11291873
37955072
47578792
32483580
10228037
37545360
25636932
19658512
58491080
3647446
35633368
43942544
25926208
19264148
58414332
47243464
28496652
5840845
11464259
9682934
39499860
9181518
21590180
37254508
57159220
9237012
20097348
12441902
20633004
38941376
32419820
12826819
26197384
53524940
43988200
34618728
16234400
20960852
15860109
10428367
50694732
15629474
7370675
8807227
26213520
40196488
29834812
31707052
31943592
12098310
56981324
33780412
14095708
42152956
30663684
13423874
44310144
57912524
9728982
39738364
8299514
41731040
1206094
48695368
48181752
54223144
24756896
15242195
56128052
17978336
11079735
1604786
37352900
47694504
26202500
5779447
25141420
17023128
32964528
23118044
12927181
44048416
38435236
58079008
47692928
16061226
55198424
41613756
25350012
22985016
38809132
33960668
28321904
27502088
43476552
22531616
37681932
5413028
39070468
37830308
44096040
22615448
10015899
28480124
5997488
22297832
18675752
16942048
37391864
11544548
58413152
17702440
46675536
1680747
48069580
19855692
35589680
57054920
45092572
57269028
17519424
33002704
44882796
43462380
39753320
41758196
36507108
29424312
33358892
790478
22843720
13273134
14313356
28610396
39954044
46596820
13358934
47738192
19423152
51599172
31171004
14328705
52414660
52707480
1345420
27734296
42375324
4296846
30594412
25641652
535440
18888284
28172740
6550856
35629432
43919716
20447632
50673088
32865348
21445348
29157072
26016336
11074225
40369268
46820372
48783924
13029904
37900760
8075963
51072960
41599192
52655136
15704647
53891356
46695216
37205312
15167022
7312426
58493440
55665992
1125804
23099152
20448024
40064248
44754884
57829480
54651748
27875196
4546374
6586671
38049924
41488992
8684432
37463888
29737204
18907960
15669618
5546057
25643228
43754416
15238653
2893354
53462360
14837992
53841372
36888876
38147532
57539808
18870572
54091296
48261252
53175048
41438612
38434840
36805436
34649428
52545328
30238228
23886304
36182800
17644976
42404448
42213564
50421200
23640712
13757233
50536908
6326124
47912940
32167144
48493856
22516268
49980000
19859236
18146392
8382559
48657980
35488140
22782716
9816750
8051561
11949538
15279585
21067120
8887911
466565
12256134
33282536
22027840
17327756
54046428
833377
43532044
40118952
8641532
38781976
9617207
43563924
14988732
46697576
930591
53871284
5953014
40881704
45041016
46010392
47279676
49768648
14357830
39081880
33025532
53618608
49978820
28478156
24243672
7972453
8427033
43659956
19998956
21251312
54511632
41488204
51159152
22949200
30453908
4185071
53327364
41485448
5241822
50930092
9152394
50497944
32919268
34578192
24164956
47910972
2572590
31820404
44602176
5957737
55778556
51795564
10100518
23333332
52679536
43759136
9505431
23345136
47813364
37182484
9305101
50711656
11234804
2596992
25790032
11046281
22669760
38287252
9758501
43518664
12455677
7202618
13213704
19828928
44708444
33452168
53606804
46033612
45142556
6462695
18020056
45259448
41428776
23914248
34443980
46662548
15254396
41080852
39144064
22348996
52548476
29128736
12781951
53187644
37329288
37660676
52345784
11445761
27658732
31787344
11492596
24084668
45770704
33691856
39336132
31220200
53009356
56788076
53214408
38207748
15704253
14083507
26032080
29306240
50697884
10897116
35698700
1364311
54075156
10396487
2450188
43565104
31565364
23397876
43985836
46572812
25824668
49996924
50141364
12567846
41996704
50614836
28829620
49655300
53570592
56599160
42008512
22698884
13963073
50451896
48912620
42618556
49654512
48786284
27445804
38005844
56516508
27440688
49229452
2399810
29832844
35660524
26597648
51544072
33005068
52943232
35655016
17059728
40484192
44652160
57582708
9550692
42808260
20472032
38382496
27275780
4116982
23613556
185945
22482812
37075432
20826644
44031492
13465986
17893324
7714267
4156340
11098233
8960722
14229524
48537544
43235680
5982926
23156616
18766276
32309616
45452696
2985057
39895796
46591312
33009788
22178184
46507084
58943300
52685440
48313992
14039033
45603436
27894484
30171712
20388988
25762876
11864132
5893978
27125436
40427912
18058232
44467968
50925764
40616432
12533998
8502993
26004136
53691816
53388760
40123284
27860636
33496644
50723860
25284680
28806396
40596360
13253849
44759216
41146972
27768932
21452036
49293604
56963220
29827332
6910585
1461525
52942052
33710748
49603348
31230432
19976128
31678320
24159448
32329688
40462152
54798944
5548418
604316
53415524
37341488
50549112
48077848
23315224
52654348
47747636
38137692
8930810
4719941
939643
7314787
869586
20463768
21572076
14067764
23540352
45848240
30496412
48392316
3260561
21240688
22453296
9453873
34434928
9279912
35172884
31719252
13480155
30309072
47741732
30937612
12162463
45225600
27714616
42756700
57014384
19775404
53103420
12453709
9300378
40249228
54002740
45048492
23175508
22888984
40763236
12960635
55443228
20878992
35827400
44347928
50467248
1046696
51107200
53372232
38582828
11224178
5303220
57998716
43030236
17904736
9958437
5493317
15793988
18570668
16108849
33756404
16588618
46091076
58624896
36770016
44258584
35252780
4656575
43888624
53304144
55191340
40554644
31213508
3725767
37792524
22533584
33029468
30718388
19788784
35932092
46260708
42204512
58698888
37062048
8184196
