x
23253232
26448472
41101852
7903740
34621288
32987568
44381212
31557488
23992104
22300196
26066416
19499980
35666860
28715564
28970384
45635336
1583712
39476188
26660528
50566644
9218149
49455884
9979104
51518276
19908324
52015300
23679448
13520997
34874708
8103179
22662272
20019784
8550429
49382276
42867364
16449149
8639809
13362918
39683340
26006480
20609692
43434840
42557516
2716206
37158624
32095172
9303673
47214028
42312860
50681612
12027829
18196788
23214676
46449216
4152943
1581959
41867012
8103530
21195392
17204144
11267575
29577816
7984707
9077595
48844944
8930381
39064340
19318768
9442124
13875011
17547296
13841713
35298472
27708552
26728528
22236756
44554364
43851244
44301996
41045068
33266572
6320491
14139646
3402854
13080758
5423188
51339868
35669312
18835416
31040840
41962700
581256
32690684
22615656
39940264
16761102
35540676
17983676
16819288
28211180
29098320
23801428
45337400
5181687
50668292
52515476
28014196
44996356
16656651
1289635
31975296
21188732
4388835
48130256
17450204
39824244
42100100
37027536
45740136
24987900
40015624
38225924
44837928
3492233
12502068
16739371
50379824
26143176
48054896
36975660
25000168
15645082
38202792
48116236
51929424
32298464
45418368
49697032
34351396
31933936
3765280
43212968
14809819
12189764
20098300
51960620
25701888
35001240
17116168
32215744
47384024
7422140
10408477
3809444
39842472
25750608
10864840
51513020
21887648
2441758
51180736
33912560
4550070
202706
32794788
10650679
33183152
40657756
26379068
21876080
21668228
9185902
37034544
5136121
13560605
38224172
28518224
35070992
51656028
2786659
28077636
27932524
5291747
47184936
30514024
23232552
36626904
31407472
32897484
52314284
39765008
8439668
30846656
22830868
31258156
25768132
40935708
44293936
29494044
31575364
34678424
9255653
31272524
22435144
34254656
16395872
7427749
17547996
23357332
41554008
51945548
39414500
3382173
40621652
16883080
21191888
15602670
26360492
42514752
44209812
38068196
21588312
43461128
39575384
39133392
21010672
33000536
37597460
27920608
37687192
44527024
24871532
5420383
4371661
42602732
13258466
38038052
9933888
51295704
14040452
18443196
31089560
44148124
16542385
33697348
52343376
5438259
11805606
31814764
6978746
32018408
15466322
7013447
44841432
37677728
26597088
33263068
28024708
24907632
13345743
33533660
40483552
50433452
14815077
22259888
12276340
43348264
3046035
51747860
7556736
6309274
6451230
11653836
34658796
3353782
740387
46878940
18574988
26621620
39249760
41692108
43125688
13032037
33086060
23872580
1374107
10976652
17926196
52074536
27476164
19062896
20578496
49168816
3941586
41597820
8695189
50133064
701481
50815156
23768828
4595986
23716252
2731278
16404635
33364012
22385020
45542100
11073743
3885504
5027813
31707856
50506708
32111996
34857532
6025713
43955696
28903084
25047136
484866
9664697
1806635
35231876
19100400
12076199
9175737
48617116
14800355
20049928
30189804
44966912
46921352
16430923
18502780
30967232
16124929
18009968
39105352
35680528
6442818
25619516
18889044
33060
12885524
35312492
44612548
1893912
28106376
44928356
1388478
17952132
37655296
40310052
36628304
42837220
51629388
41895404
24121792
33895736
37152316
15188018
45184580
11859234
50558232
41089584
49343368
10471218
49908388
38027888
40873668
27084292
48914344
11420397
4795776
30218544
32401164
36950424
17989288
25490180
15461065
16049219
23482112
2462788
50637096
34518592
7102476
16025384
3346772
36115160
48224192
52208428
47913644
26788816
47314624
5803139
33048204
26910792
31016656
23591472
50786764
13349598
6183442
45889452
2417923
1937375
2131557
3770187
16048167
29169120
37572928
36550840
24816148
24755864
26918852
16294224
41515452
50084344
3545861
1649958
52218944
16291420
37435876
9699748
2809792
43516156
22294940
35537872
41779736
19402188
10229718
1254584
40396976
3114034
45250824
4800684
28183840
46744344
51917508
23778992
45820404
30891524
13365722
5043236
8571810
12464563
23886952
14141398
38251160
51270816
26183836
31683324
26551168
35062580
37639524
48527384
3118591
37748532
14679430
5293149
50732436
12771609
33516132
46524924
10759687
32959524
45707888
33579228
5689224
1084236
37869456
4456834
14486299
28256396
27115140
3791217
4553575
48655320
27957060
1798924
14660853
32133376
1413364
28504908
20615648
44988644
24406056
26618468
31100076
31372072
16658403
34565560
1670638
32655284
32500708
4800333
37036296
38413096
12607921
1824161
30656680
50599592
29835088
46050688
42042616
41482504
1796120
41310756
29935332
26492284
19054132
23975980
19548700
41910476
28125304
31809156
2868327
14577081
24870828
13680128
6965778
9304374
28103924
50842144
36151612
27173324
26525932
50485676
11131577
50052448
12994533
43443952
30634248
84234
25245872
6291398
11814018
986795
7456140
49531592
27965472
23674544
52137276
2524127
31219948
237757
50021604
8987864
2200257
33994580
5625782
6679762
17005056
949290
44737680
47398396
43181072
24155792
38992136
29953560
1618062
2088795
6247935
21924800
2665733
52014948
247922
49342668
4362197
40544892
49879648
45358432
49610456
27502800
6234616
14485248
43242060
8669602
35380140
44168804
17795804
50010036
12453347
26353484
1509053
42232244
29490888
15834006
21601984
12987523
2124898
20020836
36288312
41337744
46545256
22070612
15505229
44231896
43435540
48043680
8822074
16809472
8110190
20959148
25623020
38713132
38687896
35221712
46246972
39514044
22598128
3660478
19836116
16737268
29683668
34986872
46684408
10111596
46107820
45438700
5817160
39332480
31256404
21768124
38401180
3484172
18690656
17899204
31088156
40105704
12753032
52573660
35226968
4402505
6280182
21317720
19211160
49318832
43733120
18055180
37903104
421774
19938468
6735844
17438988
36342640
13760745
16843120
20404644
28508764
31229064
27771292
13964742
36800756
14159625
28070624
12796846
9609317
41688952
18016976
21138608
40563468
31269020
49005480
46736984
14301581
23688212
36130932
39308996
9821024
15593908
10182049
20231492
44716652
17304392
22808084
49057352
32167024
20414456
3479264
47189840
17807372
37512640
1403901
4607904
42057340
40205248
49612912
6886913
7279483
25856812
1403550
8322598
21325432
38861048
33376980
5662235
51217188
35816876
14664358
47233656
51030720
23919196
19683296
17621604
34520344
27685068
10631051
30076240
41059788
35646880
15333479
24876088
51683016
43061896
6222699
13332423
18280208
14478938
16107053
1214976
8519234
18173652
41995300
34416944
9884817
52484280
26308268
1535692
44457272
7124208
52516176
27910444
3607551
23379064
21007168
14199933
22760764
33751676
10320500
28239920
52405416
2332399
39407492
6977695
46005472
24804584
37262376
19011720
39250464
8050253
35750280
15746379
2015188
36480740
51114492
32666852
27596388
23188736
37842468
35738360
35923432
36228724
9568307
32265168
15252862
15445993
21033456
44794464
13885527
30291452
2553220
8246187
42956744
37654244
7261257
9602307
36888032
42948332
43414860
47702988
8155756
22251124
46904876
16354863
12101436
21973172
33644072
50875092
43623764
12585138
6421437
27073780
43875428
48930120
7662940
49402256
39045064
17569376
39381200
17044312
51314632
36888732
15814378
29065020
17953884
8887619
9336971
27431296
15831903
29266912
2679052
13116860
49690024
23455124
47839684
12912864
40182116
22195744
43230844
45653212
23977732
20240956
22547656
38737316
40091684
23567288
31098672
14644028
15981220
31859628
33884520
19819644
43538240
2652063
40569076
20399736
48235060
13441432
2430892
37398372
12957379
31248692
13371330
34741864
47364744
7163114
37950072
20104256
6061464
14021875
12191166
22127044
12550438
41222424
35007552
19993848
38837912
27250784
25527332
50323744
7988913
46866672
37716984
49985500
15201337
17917432
39078364
48687216
3962967
32552936
21177868
29147040
21104960
37024728
33993880
12232176
18117924
21515756
36407836
26720464
52064020
7329255
14637018
32858928
19335592
9662945
40506688
40314608
29799688
28591484
30894676
5804191
2636641
21113024
26698384
43658112
17937412
3819258
42741180
40235040
18590408
30929728
36892236
38980920
1239161
47291840
36820384
45247672
1650308
21924452
8561645
14889735
7896730
32286548
51646916
21675588
22931112
49227352
47883848
31541368
31686828
7032024
33853324
23031008
9031678
37254664
16034497
6598795
43729268
14594957
22830516
43565580
30020508
28222748
6840295
46705788
313818
3662230
17333484
41052780
45068212
41403288
32380484
49682312
38485652
526226
26158248
23772684
52368260
12556747
19912880
1528331
30299164
1314521
25387128
36915720
48929768
13932845
14121069
23450216
17375544
32841404
28270416
25802484
33789532
38053124
801025
30093064
31908700
22437948
46636036
12256010
383569
40820392
38520704
13781776
1660473
32550132
28422888
15144555
24385376
22455120
44832316
49650764
4682562
15759348
10221656
17365028
16555003
7435810
7498551
49632888
4313827
51177232
2360089
44849144
6060763
51267664
47093804
51552628
21640188
