x
36955360
25030856
6085575
2322118
32193824
43866032
8860207
23396800
38274820
29180160
17697020
38538220
14723144
25201728
44922712
41195032
11963933
35857968
26985068
25967560
45377336
33874768
31929192
9435120
29768028
26352480
15126878
24691892
12421951
1748439
40928548
39895312
36040248
27908504
13614956
6010010
38193704
13771330
5074852
15129037
13038810
30750684
41394276
5902676
39904256
41811584
40935644
29297056
2063346
17074612
38751344
40233040
21008628
26387640
9500507
11918286
16891712
21572748
45244096
32914316
40662992
8249208
36158068
29195580
16216868
3837432
27408232
7498799
40455420
28904424
7499416
12090698
24556492
45303004
25687196
5700964
39366044
37451932
36013108
12035489
33232616
26304056
17072144
37104948
4560700
11195635
24186996
30904280
40425500
36004472
28954696
3788392
25408068
43543416
6962749
39753432
32802664
19901984
26460736
39101720
11251153
1246624
11323942
9538752
4872213
29570016
22020276
27869336
28928172
20680460
31113396
43426212
8944717
45802660
38405288
5029204
30259972
7222138
11578088
23035628
33490152
41488040
31836972
36445836
39788904
43270456
30782144
3513890
2644119
40117380
12333432
18634340
25554572
15365602
29660692
11440220
11267808
11482783
32792488
38416392
22352148
21854960
16544728
34569656
31519288
15366528
42548112
2602789
42438928
40790680
28505624
1618899
1927637
28799556
4141544
3991956
44943376
2086478
45056568
26769476
31951092
31450816
36051352
42968192
6205863
21736832
1544259
31440024
16373858
11461193
6955346
7331630
29153636
9387622
25345764
40514020
10137105
25915432
29412408
2893638
45618220
2906592
22229700
28801716
11960541
38276364
7778853
45797724
9996462
16217485
1722531
31114320
31084096
29344552
29706340
37011184
101426
15682976
19306408
26662140
12112596
5175400
44428916
9270418
35462252
34700432
2614201
29498152
26160636
30907980
40185544
6842461
14959709
1972051
11897929
34294540
29059564
26518104
29178308
26135960
16990716
11278911
6824881
33722404
26383320
16070364
35998920
13942200
13091243
26320400
9853350
40131260
12090081
29759700
6488693
4162825
33880628
31061888
40441848
3113857
16055251
11920753
7350753
5702814
5347503
26319168
1145460
4801892
24709476
41845512
6736053
16991024
37616632
5635268
15118859
32278336
29390508
5099526
22023360
41003188
39785816
5057271
1943675
8283444
19062748
39351856
546181
26314540
29382800
40611484
5014399
3158579
6092052
31989644
43449036
32143244
40717584
1765403
38452168
7060829
5262068
5367860
45332304
14385413
38515088
5248189
38643396
14095490
3344562
3808748
33780080
29813056
41678032
46009308
23779560
25842028
36667596
18523304
2047616
12263418
25857448
43833648
21138168
15603710
31498932
43175460
27684892
977057
40649420
1192649
23084360
12349779
22667980
44811060
10623190
9579465
11098480
36753956
42450340
25614096
21823500
40746576
45034980
45352660
4521221
16387429
19561784
34174252
10725589
36459096
28897020
18983480
35628804
31428304
31584676
19235776
39631296
34914484
33606740
26586576
9340740
25574312
1667631
42214084
10951668
7227073
29165356
46171852
42634780
18175396
17024644
43584744
39822520
7603665
15670022
14051384
15509022
40929784
36449844
45121648
10162705
43630084
34352832
37039252
9686490
36840316
21008936
10105646
4897813
21030220
31880152
29760624
40441232
9107259
39114060
721986
6963057
41519808
39193016
2631165
26591820
31148556
32864040
22067468
38233184
7925049
35608140
40581876
4152647
6315972
5943389
5118032
37236956
36581236
25051832
22016576
34169624
3861798
16772966
33027816
1452655
40759840
41153084
24551560
45513972
43559760
3329141
8752257
3017318
37690656
7657949
15972592
16374167
43615280
36787268
42916996
43986012
8208804
8908631
20673364
11121304
10223774
35614308
9602905
21750708
7329163
28739104
28409396
15042060
41323956
41395512
38327256
11438061
3074069
13522119
19226524
39167108
33681380
3549051
37206732
35290456
37515776
37154604
41054388
15097886
32861264
45863420
2938360
1079764
3646515
33857496
4965976
23557488
42737796
23486552
11427266
40231500
10107188
12310917
36229936
1540866
30695472
26000868
7270561
26741408
16386504
12156393
41332900
15131196
41419260
42752908
23339120
40023616
17110080
365133
9341974
6660179
44789468
3327290
38834928
27072968
4059193
5760490
13624209
8356850
17490064
23176272
33490464
1003890
39941268
19716616
13430516
5395001
36056596
4792330
10815959
41994788
5823410
37024140
42489204
3355974
45972912
42700784
41026940
13845970
32457840
8866067
27582804
8836767
27125712
21883028
22067776
8368262
1355192
36949500
10154994
19647528
29790540
15689762
6761961
21858968
21157600
44779600
42387420
13211839
11356636
9503900
35808928
7876625
5693253
38385548
3322972
12589120
37820812
31593004
26837948
28942360
40593596
13071812
43428988
27162104
3467009
19720936
5193597
30193352
43551744
10720962
33129600
45613284
2031269
35618936
7639443
26089080
41360660
37260704
43474636
19063980
5983793
38496276
20028748
29510180
6163608
27003880
25922528
39747572
36577536
6321524
42625220
9588101
29201748
11427574
6055041
3845760
2905358
6918643
29278548
23902004
9206265
5855795
32627168
44280560
32864660
7931526
19902292
284941
28699008
12682266
19919872
8282210
14559059
28386880
4659397
38846032
28310388
35457628
43363600
28430676
27366596
17492224
38344528
15308851
13630995
42000652
11166026
34531412
33605200
17342944
37364648
32038376
15150319
26420640
9455476
1347481
36885656
16865496
9864454
25813344
5921182
37372972
35197312
14439389
23507524
29758156
28488660
15097577
4744524
1329284
39154464
7117580
12453719
15696547
27510632
12410539
3834348
1120168
27303676
6701200
5935062
1063417
78602
12744877
44581896
10989605
37871396
28851372
25458032
14662075
18981940
5100760
25631060
32554072
11025382
6840919
33575588
18210248
39508540
43974292
8954278
37441444
27872728
19655856
1150394
22065308
40946748
43502084
3612587
34856496
14454810
583501
7347669
40009120
8719255
44957256
41831324
11527197
44409792
23421472
6200928
33480900
22060680
42274228
8373505
29117856
44990564
32419596
22496184
14184009
2567628
3660702
2555291
16953704
6081257
12039807
5494933
34463560
33315276
39535064
32367472
41745888
8371655
36689184
25571536
42719908
5933519
38222080
12124317
40711416
36064616
26938496
2289425
19250888
37298332
45749612
38716184
44546120
24286616
42787764
1708652
35425548
37351384
28562376
24429420
19481596
34910472
494673
18432316
33261608
40901408
5218271
37146896
13408000
9659657
25131404
40074508
25113208
223872
6829816
27107820
35863520
29668404
9761130
25514784
17015392
5198840
13248234
44844060
37228936
45754852
22348756
8038859
36856356
30440404
14353337
24997240
33787172
25971260
40625980
10475761
32606812
29594072
44060032
13894394
23933156
38747644
13709644
43191188
41378548
1619207
13932022
1179387
38061696
10690428
40664224
1663313
13477088
25678560
7691568
40651272
4128590
8955512
34251360
12691519
5212720
19235160
10055988
7364632
25929312
8877479
28270292
11711021
44184640
37165400
1353033
32253968
45794332
30488828
15944833
28159260
3967898
19877924
31105684
15363135
24879112
6757335
26910736
20172784
31842216
13712420
42187248
17387048
46042928
23450156
12395735
3071602
44018088
11028467
40928240
6988040
5759257
11195944
14845590
29148392
42446640
39653192
5325605
14627839
34859580
44486284
33699888
44090876
19212644
44084400
18174468
43854004
44958180
25857756
19535568
9248828
6774607
14894630
7883102
38776328
40432596
43544648
13260263
31435396
11320858
29926252
8349448
11511467
31620456
9376210
2676504
12581409
1476404
6072313
39046820
294503
5367243
404920
38895072
1256186
30936356
3815225
39648568
10980968
4535100
36086516
18356444
36853888
43466308
41218164
23057524
45154032
31274396
39993084
14267902
31093656
20140708
3577118
757764
34582612
28413096
41996948
10304583
15154020
44665172
38439832
4140310
44897728
5021185
36432572
35859820
490047
10897076
40067104
40682112
15048228
22375896
1605328
32299308
8180120
20679844
34350056
4824407
30366380
39691128
8628577
16141611
40305212
16603638
37269032
45883160
17988488
16049082
29235984
33562636
27168276
18435092
600773
35604440
16906516
18479816
9956057
32149412
25380616
1520818
3000046
1411326
2536168
45678056
35608756
42605480
36654024
13224485
730930
35978564
35829592
38821976
32913700
17296988
44808592
3452204
5534412
11513626
37504672
38138496
28408776
28377936
32769044
25827224
34386144
4997436
35402728
26028320
14307689
23937168
7674296
38306900
41697156
45732956
8735602
8353766
17260900
6068612
41675256
28104976
24090148
23847724
41012440
9689574
8763669
44746288
29469160
5470875
9354003
8012334
5716077
41285092
5233076
29141916
18202844
29432148
22047728
45924800
8918500
29293044
3461457
44586216
37324552
41827004
39301584
45286348
35662116
44220108
40906032
34871920
11728910
2605257
11504065
