x
30918018
33529476
39619508
10501227
11859821
37789288
33924604
13159957
21319456
53618616
29604890
31861636
42695380
44642876
50141480
8089318
15342366
16681835
24882110
46233136
33917028
7524951
42283292
45843060
7375199
23526764
41744544
50110088
17819590
21694738
39117572
27876066
34998848
44365384
12033389
21599474
2778715
30070746
41736244
24731276
13346876
10025269
24172322
45454064
15703215
37302144
36230784
53284108
38999572
9621840
22614540
18921258
24330372
12741012
41808056
33836556
2491119
14614536
33904036
47227272
44627000
50076168
4706005
52257136
42893484
52409772
18029242
54124884
22197038
45617168
950658
51169900
5905465
49386948
12014985
918182
31912514
22820944
34447472
41271472
12367173
31420678
41871204
32898712
50767916
48313064
4330362
13886344
29484006
33325956
9684628
27371962
30480308
37232500
7531086
50051268
51784064
7595678
14640517
42086268
44205892
49467056
49170080
17414356
21694016
48994708
34021672
8041686
8486251
24840612
35920096
25901866
18835738
42523616
21391986
33276882
9389815
1295268
38112608
34172144
983135
54012300
44637464
51552036
25136146
39326864
39977832
36836648
14954094
30510620
35855504
25239350
604966
42665428
7742543
36654420
44375488
13252695
49850276
680022
43878960
8289228
16716476
24511158
35019780
47520640
7718005
25314406
45458756
47490332
5773394
36986040
26665422
35350316
45950952
45246216
47375220
47594976
27504754
28343726
11878224
1764010
25377554
6708352
10754904
44624476
38502324
16297892
8446919
2451065
36977380
39925148
44891864
9138665
24874892
7374839
12102311
11386027
24505746
3369063
32946706
19280302
12783953
9533793
52315232
41209768
10621390
7754090
49580004
26445304
27679404
2427610
44390284
39969892
5205780
16687248
7751203
201537
41279412
18806508
40757624
20445482
12285622
25816706
45175488
2135684
20658020
44630968
32654780
48939856
45570980
15165912
16943450
47686632
13366723
12505017
44584780
6067486
21356622
50133184
22245752
40341208
45978736
24392800
412994
8850708
14333074
17672724
11850078
23500782
3655937
32102682
9744529
50116584
20134792
6034288
47553116
9835462
38784868
9806595
3425355
21005878
51887628
9157790
53429532
41387304
8730545
35849368
20844580
47225108
7428966
7097707
7918998
15533255
1453320
25853512
11897349
48097276
19935602
29739486
22425816
49048832
24824734
23399024
51572968
28596320
15364739
33346164
31800290
52914240
24231140
29980534
32773498
35524964
43895560
6471636
44052168
13478225
12276600
19004254
28809220
27734254
8123238
47100616
47157268
25814902
41240800
36862268
35572596
28215264
11646199
13863611
31330106
34256944
49803008
18955178
5034377
43720912
4392428
1211191
9649626
10875066
51877160
41744904
26087704
22396948
35717296
20167268
32188924
20763750
22918
7116471
21615712
21743452
2567258
14051613
3082910
44095832
11265865
26947604
34055232
46959884
40251716
31217160
25810212
51248924
50117304
9969698
40107736
9175832
228601
3443398
49905128
23080034
9046288
318091
32736332
21150578
28716844
50473824
16116386
15408041
15621663
44419872
51803908
33631236
11326848
30624648
36096188
27443770
44783608
17742368
9716743
40200116
38879048
30762852
16539661
39010400
27331186
876324
1402801
606770
53984876
33526228
27554190
45098628
15906011
9056752
8466765
25499882
34924516
7999106
13901139
20102314
35008952
46622492
51939948
17073716
29452974
14670828
36186040
929729
25217698
8785033
15367265
42752392
45525872
28550492
20717922
30482834
3964462
49915232
45349420
6700774
19136324
1757154
10924863
35784776
29722528
36737776
21917742
34962044
16207680
16180256
36002008
49665524
36870568
16135150
10391890
27693116
9627253
37550044
23497536
37670928
6607675
3212455
2695359
38470208
31097720
3480926
21284092
40204444
22282198
52097280
18745164
3877859
51095564
39304852
8204789
6750932
53738056
14175744
52108828
30801824
13622925
10884809
9803347
26175750
44512612
22205698
53925336
23063796
29640614
31308816
13019226
25502046
45016716
109160
2225174
35227628
11661354
31920814
39612652
17098254
5768703
49268592
45646036
16735240
37000836
4792970
18561132
53586500
45902960
22767178
22772952
22804346
18240338
3611553
21495550
24957888
53437468
32292126
9793243
53516496
25734434
6168523
4639970
25974758
37674176
6113674
49724704
20782152
10121976
15214987
53202196
29654688
10791710
29555094
51950776
40479052
42250092
45499172
15846471
15132353
31576926
22363390
21377552
45068316
4429596
36735972
48314148
10212910
18373852
53899716
22660006
21116658
1976189
15319272
777090
41744184
43866332
39084732
23058022
46371700
14413182
40558436
21015622
17180528
20590904
24211292
13516114
45590464
376188
17035826
154627
45151312
51361148
13738757
18048366
49800120
34541656
22107548
13912325
50687084
4740647
22538400
19781882
27750852
4014259
37762224
40458844
3066311
8776734
45888524
41033672
41570256
14473805
2334150
2105012
28240162
20649000
42457220
14550666
43838548
38630064
11951837
8991439
52748972
2433023
15702493
16223197
54127412
30705478
10933523
36752932
3501494
27156896
35446660
40110264
27457484
23029154
36606788
8088596
17249088
35581260
41931464
41232500
31828076
14862799
44323888
1848809
3179978
36589828
38510984
53315864
29560868
37168992
1832932
51309908
300049
6513133
46599036
14698974
38485004
53095744
35489604
51539768
35833492
28764476
36494204
52192544
204063
22784500
8856481
25264248
39771788
41090328
23599294
19292572
50263808
53519744
48160424
16172317
23632854
45364572
26841516
5847007
25186304
34010484
6737220
41369624
53524072
38528304
38944724
21975478
36699164
41692584
36041700
272985
6006863
45559792
29377556
27178908
31639352
48862636
1112318
34502324
15372317
13375022
8722246
20881026
45809500
52209140
16844216
37827900
9719630
4498518
10276419
47181084
37802280
29547516
49134716
31059830
6913675
8801272
27089778
39586312
12202626
38840440
31447382
46069312
21823560
6227702
35496096
26320812
3993330
9110518
10347145
53075176
19677236
15603981
35520276
32385586
50972876
7824455
28207326
8581154
23529650
53929668
5185573
14050530
9141191
25362398
38764660
15830233
17819228
33817432
30229158
40809948
44354920
35475528
1662612
33473904
17407862
41186672
14539479
26991628
34680220
26890590
27474082
47226912
26177916
51615184
17856034
30842960
587645
4462433
45527676
47533632
38512068
17228520
1155620
17091036
28779992
45010220
13569880
35068852
42198492
27568264
47212840
20607502
5533069
30845126
44526324
25162128
39034936
46451088
25828976
21056036
38109000
44733452
33838724
4559501
48659116
16632399
24244130
7786205
16243765
52637828
26231682
20157886
20750758
21108720
11148589
19058380
30172866
6077950
51945000
1807673
45730472
44767372
9024997
23922254
13257747
26226270
23257932
6192700
20577552
21474982
20291400
11212820
30506290
21123876
8385935
20110976
24313412
8271907
2567980
4568883
21346520
48372604
15514130
42998852
51445588
46881580
32310530
6180792
50370260
45036564
52189656
25608498
38030696
25727216
34324424
27598936
10637989
20744264
13305379
36354196
44637824
23758428
42909364
31933444
47080048
39644048
50787760
27929834
15931271
40930112
22962758
23649092
22438806
4033023
7869561
39246392
20497444
33011298
14895997
41708820
47766380
25159962
24699520
14709800
15681203
3226528
17181610
22352204
52157180
52674996
36320996
13674165
49967192
42820232
30269572
31255050
19067402
6777274
13660814
41052076
21543182
12171233
51725244
29712424
29166460
28120000
13437810
21251616
16081023
52334716
30871468
24937320
22817336
46046576
24403264
40651536
31597494
34230244
6331987
29183780
187825
24947784
30518198
35320004
34586400
21249090
6889498
42755640
44991816
1677406
53888528
53135800
40116396
22143632
47990104
50535888
46279684
1616784
28122526
50399488
31406966
29162852
25066142
25522616
18300238
2595404
53553664
8783590
14375654
30412830
26483554
21910886
22270290
9467397
9897528
42805076
31607238
10707272
20083190
28041336
21384048
9930366
13694012
49991728
16571415
31537954
52909908
41168992
51812208
29860732
33811296
25647468
40635296
52940220
36906652
34306380
14568347
35947880
11836726
47691684
47668228
30396592
31445216
47188660
32895826
3653411
8252782
45774496
43757716
18257298
34940392
13769068
29417972
49425560
21046654
7053684
44029796
41789292
38967820
7257563
49673100
53793264
50366292
51196240
48658396
39973504
20734160
31889420
19149314
48671748
15409845
23051526
19192616
34862808
42048020
44389564
47937060
42847656
26875796
44269040
591614
10436636
1472084
26580622
18298074
13733705
38958076
11248905
1642404
41720728
52323168
52050008
22940386
12630953
41111616
31870296
33775212
29497718
40682208
18324054
11353551
35519912
37013824
36993616
20908450
14691396
48729844
36410128
29707372
39264796
42589652
41993532
45432412
36149592
13039794
52981356
9142273
13459100
50505576
19491038
39850092
46704764
1819581
44345540
9346874
44953568
22309984
46225920
48251000
45751764
5512862
