x
399793
6700648
32699328
40561856
34314660
26927468
32366240
29350212
48568652
5631016
21414284
10214284
19842488
48061932
10440056
67666104
20351232
55814104
36654892
7216481
29490940
45698416
29773408
31658552
12232562
50337876
20988556
23604168
25496400
18273728
11797724
18775388
17632860
2493498
46070484
64308892
28566592
17330144
46077064
61546480
23576328
17666272
7394162
73873816
42167064
10197073
43288836
37225396
25323780
64648564
37087704
51452560
46962436
43927676
70958528
33347788
44064860
8841430
38447904
22535548
6737602
19277552
52936780
41499364
35788252
40279896
42633288
58458572
33897032
25870492
10757453
42551280
33698092
33798828
41982296
59484160
59397092
59052868
19207188
22080968
70899808
38664564
24596856
4584671
15724938
59791432
516729
54428596
71493088
63508568
69370024
27539484
739464
12563121
1352490
14743893
6582700
19311468
45347104
37383840
10458280
72650800
69183232
6719884
24151388
55958376
23224000
59984300
70968648
66266932
54296980
53513360
1973615
50577312
38539024
73482008
74041880
8430384
33003564
23604676
37548360
45443284
4445462
75348928
10354000
47428152
54760672
61842616
5041276
5143532
62931988
13237399
33959296
6039532
28155040
5947401
26207124
21168264
35152444
70719088
6854031
47285400
7573868
29115328
15261245
62665720
36329900
6902628
23557092
16600689
17150944
50310032
3810162
20650912
26909752
24924376
40047544
63905948
141624
15435889
10329701
274758
33657592
32047832
64864716
57725064
909045
22053632
41407236
28958908
16843672
73364056
41891684
73013760
56950052
70495848
14464463
25557144
41283720
60305240
64324588
4110853
54465044
36872564
29124948
47796676
49709660
75803504
28566084
20249992
44973012
54405816
70482680
67337576
31978480
57033068
61037228
62192916
30323664
41739312
55025424
3836485
72773304
62241512
42492560
36315220
39932632
17594896
58245960
8412666
43250868
15830736
47337032
15441964
51644920
10360580
39279616
74741976
13470257
69538088
44527036
4738560
1112038
54866472
71888440
52102032
23186036
28255268
44318476
74338016
12545909
65791596
5610262
10680508
64668812
63792556
38750112
68550464
20020676
48772152
72420472
9608345
26705748
73412152
19936136
49272800
16385548
54683220
12310519
2547156
63827988
75417264
11542086
70932200
28182880
12677019
40116892
660494
74505576
59311544
16677634
62174692
28723012
26208644
56553684
18229180
25744952
13018208
33434860
25917572
5684675
54174980
10816680
47829076
17762956
54714100
43777332
27699448
42357904
24576608
7939355
65211476
37525580
52873504
41757028
61573308
54117272
59557056
21828876
401818
26708276
34558148
206419
938912
30509952
12366709
30519568
55885480
13544671
32214376
68510472
8376725
70725664
74399776
53433376
18356240
2355301
51959788
72136992
2224698
29553712
1102420
6973498
17653108
56078348
7198257
36230684
3646148
45861924
48390972
3657791
35128652
64991272
43739364
53710276
33527496
51919796
62889972
64513912
2023224
73296224
11418063
53683952
29384636
2922261
23641124
74671104
16123328
60034416
20311244
2385168
45110700
30051824
9004937
47438784
21055380
39485644
62722416
22313320
57970072
51056700
29138108
41716532
18730840
12403663
37177304
13099708
15362488
15543206
55607064
44755340
23244756
4398890
59135380
59037680
45158792
38429680
11310239
74141096
14054935
55100848
58585124
7980359
55936608
38745052
55928004
36959128
46824744
67145208
14390556
61982836
21854692
24729992
15015731
21805084
30296328
11361873
71053696
70436616
42161496
8668811
44689532
15164052
19701760
2241909
29502584
15837823
58471732
60185776
30470972
60240448
52817312
48271000
1015857
59203720
67533480
27538468
42367524
63205852
33930444
21780784
68521104
68172824
35675872
36594144
17939120
2345177
18055044
27740448
36465568
51990160
52357672
47414992
54882164
27642244
13799803
47373988
22255612
54611844
19920952
27553148
46668832
43273648
42744148
51602904
40378100
33406004
75625824
27604784
7580955
11911116
3801050
63723708
14842099
46364088
17023884
42899556
73269392
60175652
35557924
2571961
31478340
65346128
28189460
21406692
63873548
26296724
38477772
15844910
27620984
39760012
58696996
66663804
41960020
67347696
29615976
29390708
46109464
26926964
30446168
61039760
35569060
67826072
40117904
59166260
5525724
69168048
72540952
9926248
41373320
41232084
43150132
11583595
47785032
55815624
33355384
73610080
73421768
69784616
33045072
6023333
59864836
31700568
20192788
31807884
45107664
59125256
23560636
12854700
35636388
31190808
48124704
6466777
23681112
29527892
38822504
50576808
66962472
44330120
7578930
48707356
66038628
43032692
39038656
16024110
1538777
35027412
69911168
19754912
35782176
24183784
66624824
3742835
70351072
59246240
40187764
4677308
36243844
10225421
42170608
48629400
65052524
36124380
32398636
75720992
55740704
22161964
31334068
22346224
29843264
31325460
6088128
45713604
51838800
47820976
19384868
71290600
36973808
75879440
63336456
6407550
74001888
54405308
32018976
53462736
70291840
65241340
65520772
69080976
30200652
17083616
70335376
19811608
63018048
8948748
75001664
39027012
22655016
50074136
16135984
69797776
22784608
25279740
41131348
39634976
8467844
6807459
64708804
33589256
45838132
13722858
3884576
2236340
67901496
65566836
35612088
39244180
11533480
26935568
63443772
47842744
20019156
35284060
72330872
16094474
224137
53973000
39104464
8324078
26325072
69798280
69243976
47697964
67716224
45142088
75667336
47187700
23185024
28844504
21113592
34193676
61632032
20868584
1900720
27752092
56053040
48490696
67051564
63818372
41060984
49227240
55694640
69443424
8324585
47883240
15762904
26699672
69394832
69412040
12273566
64474932
52572304
47344628
12507943
72986424
3546930
47928800
66687092
59738788
1686085
22131084
39140912
22949632
57325660
52381464
8422284
22007060
71513336
16023604
27891808
30360112
55998872
29286936
32662880
19178336
40057160
58344164
56459528
38925264
42874244
34173428
72685224
66166700
19826288
13482913
28213760
21061452
58598792
60304228
52642668
67200896
10218840
36646284
68889120
4438375
406374
72105608
20440832
65893852
54109172
51820072
31500612
36731836
16018542
18669588
41403692
15896038
56284380
66941208
30610688
63949480
27223604
7244323
70384984
10813643
35261284
60704644
49389736
42226292
9351188
18787032
44457180
52483720
44388332
42763892
69018208
5766682
38927796
42092648
36927740
3007305
26765988
62057252
34438176
16555130
64912300
51366504
36041360
44097260
19337284
6509805
48612188
3285724
24166572
12761051
41912944
49041964
50276624
58278864
9734899
5598619
13102239
17836360
42995232
28742756
64392420
56835648
58103208
40144228
37495712
49987572
32123256
54743968
7261028
51168068
39371240
46719956
44612588
75767568
32788
2143197
62601936
34167860
33924876
25898336
69391288
60958764
30019428
35019312
23634036
2296580
30074100
24800860
33930948
47044440
23978768
71270352
34010932
41196648
8619708
21403652
69565928
32701860
50030600
60587708
57146968
53150908
60760836
4988630
53786208
32396612
4366492
25918584
34803664
75705808
31712716
71474360
33560400
46110980
43942356
15290099
38485868
28664292
60043024
1371726
58112320
35293680
46269428
67425656
6651039
8666280
58640808
40237880
41310040
71682416
57002696
75754400
55080600
61386008
8487080
30061444
4990149
38239848
56967260
72313664
45077796
73660192
34046368
7045886
55449632
40240916
24958800
4419138
36203852
69076928
49280896
20972360
53377188
52655324
21674480
5000273
53825188
8391912
44722436
49825080
60338652
1622808
19756936
58309744
61442200
15425258
55620224
59730688
46317516
65803744
5527749
60160972
23396620
70112640
21275580
51524440
5168842
35371132
37102892
57138868
68218384
61412332
72657888
9811338
18187672
75693656
51999776
38185180
36021616
51197428
10263387
30319612
72944408
24259212
56218572
30172304
19230476
69219680
35545268
59925076
14690235
69061232
9611383
7863423
41602128
49611964
61702396
50363692
38220108
9988513
10791369
23668964
1914388
8789290
61649748
29109760
33117968
9347139
7143586
23634544
25441224
46073520
39588404
66286676
46517472
19610136
42351832
67623584
33397904
71711264
6993240
54068172
65505080
67011068
35458704
55834860
37328664
35448076
46998376
66215804
54197760
57186960
13195889
49066768
2904544
25124332
74608336
47710112
26342792
4537593
1599016
57533208
9928779
54400248
72455912
9189200
31885840
29678744
55349904
60112372
44669284
6760888
63419476
68526168
71639384
34369332
32906876
30667888
74367880
70546464
39231524
66034580
69145264
63818876
73765992
75603048
73446568
10398040
62733552
39969080
65186
29391720
66261364
31847876
17900144
35528564
21918476
14153141
52910456
55145396
4552273
66058876
74692872
57667864
26557424
11570434
15536626
52313632
49193828
20149760
35021844
44909736
42915756
19214276
64302312
29780496
11886818
25736344
3678040
38866036
8422791
7199269
13655532
71235424
2496029
71209608
33776048
41385468
22525424
24560408
56236796
71625720
71941592
10051283
33245536
